30 40
0 1
0 2
2 3
3 4
2 5
2 6
6 7
0 8
8 9
2 10
7 11
2 12
6 13
2 14
8 15
13 16
4 17
10 18
11 19
9 20
14 21
6 22
12 23
21 24
13 25
5 26
8 27
17 28
25 29
19 16
4 15
8 20
2 16
16 1
28 27
13 3
15 0
7 18
26 24
16 28
600
29 14
29 13
2 22
25 14
23 3
26 24
28 5
15 2
26 24
16 10
0 23
8 18
10 26
12 18
18 15
17 0
11 25
18 24
19 15
23 7
8 21
28 4
24 11
4 25
11 15
21 26
24 0
10 22
5 21
2 10
15 25
14 26
2 3
23 8
6 17
5 3
16 1
5 3
11 0
2 20
7 29
27 9
7 12
0 10
9 24
16 0
7 24
19 20
16 23
29 28
12 17
12 11
14 6
18 21
11 17
8 28
24 21
19 0
2 27
8 25
11 20
15 5
11 28
14 15
7 3
0 12
2 22
15 12
19 25
13 8
21 23
18 25
12 6
9 4
17 11
27 14
3 17
8 26
18 20
26 23
29 4
0 12
26 11
9 24
13 15
29 7
1 27
1 3
12 19
18 11
2 3
29 22
25 5
22 5
15 1
14 18
22 14
5 28
7 6
7 3
7 25
4 3
4 11
6 3
7 27
1 3
7 17
25 1
0 26
3 7
19 23
6 0
3 8
10 3
15 3
13 12
4 14
27 5
10 28
3 21
9 14
18 21
18 5
3 11
29 17
6 5
0 14
6 28
24 12
6 20
17 1
27 3
22 7
20 22
11 19
27 9
24 20
6 23
18 11
26 5
20 26
14 8
21 23
14 13
25 22
26 8
22 16
28 17
8 3
19 24
26 24
11 22
15 26
12 15
24 27
14 10
0 16
9 17
2 14
29 23
24 29
26 1
12 24
9 21
8 1
15 19
9 19
6 16
22 5
9 3
1 24
26 14
23 27
4 16
27 28
18 23
11 12
27 23
3 14
27 11
8 14
4 22
15 10
27 16
14 22
29 9
0 21
15 1
10 27
18 8
27 26
20 1
20 1
7 21
21 25
25 17
10 18
6 29
27 1
7 1
28 18
8 2
28 22
26 7
17 20
18 5
4 16
28 3
29 18
5 2
8 3
16 3
14 29
29 17
2 28
24 28
21 2
0 20
23 28
18 29
15 11
5 7
28 29
4 5
15 7
9 26
21 13
29 22
9 18
16 27
0 28
27 13
16 23
22 18
18 7
7 19
20 21
6 12
16 20
4 23
5 29
0 24
5 22
26 15
0 22
19 17
9 10
26 14
2 9
25 9
17 8
13 27
22 28
2 18
28 2
16 28
6 23
7 28
14 10
19 17
0 8
23 29
22 18
16 11
18 5
15 1
23 22
21 4
24 10
25 29
15 21
16 3
29 8
20 8
3 23
10 9
1 8
24 20
28 29
3 7
20 27
12 24
27 9
29 0
26 18
2 25
14 26
12 22
25 16
12 17
13 17
9 21
21 2
3 4
0 3
28 15
15 3
3 22
19 27
21 17
22 10
11 25
25 10
22 7
8 11
3 17
4 14
29 16
6 17
17 1
27 8
5 6
29 13
29 27
9 17
9 23
7 13
14 15
13 8
17 10
2 28
20 10
12 15
12 15
29 9
29 12
26 13
22 7
6 10
22 2
28 11
12 17
19 12
29 24
12 0
8 18
17 20
20 13
16 2
2 9
5 3
10 3
16 29
3 23
27 7
29 19
11 19
19 14
1 24
1 3
25 10
20 4
18 23
10 4
19 11
28 4
2 28
18 15
14 26
19 10
23 16
9 23
5 18
13 25
23 18
19 23
16 28
15 13
11 9
6 10
22 2
23 19
12 0
1 27
17 14
29 0
20 4
26 7
3 23
27 2
16 22
5 9
26 6
3 15
17 26
8 10
10 25
26 0
17 27
29 12
26 27
28 23
3 15
16 20
21 20
10 5
29 8
24 26
19 27
27 9
28 29
10 2
28 0
0 28
25 5
11 0
22 26
21 2
2 23
25 27
20 8
21 19
12 17
7 6
28 12
21 8
0 13
23 14
23 1
3 5
2 23
29 1
19 26
11 25
13 24
29 16
26 12
29 5
21 6
10 17
25 4
12 18
13 25
21 12
26 12
17 28
25 21
1 28
12 25
20 19
8 29
19 5
4 19
11 16
22 13
27 7
28 17
11 3
24 13
25 18
3 11
10 27
22 28
17 22
24 23
18 9
11 25
1 6
29 24
10 16
10 26
12 20
0 16
2 7
14 13
27 21
5 26
4 10
16 6
28 21
19 15
7 26
26 18
5 25
18 9
29 4
24 8
16 23
20 9
25 20
23 25
7 25
20 10
0 12
15 19
24 23
20 26
21 25
2 14
23 11
19 16
12 23
17 28
18 9
7 17
20 29
15 25
28 27
23 6
0 20
6 15
17 16
10 27
19 4
14 3
5 10
9 10
16 5
19 16
24 8
9 6
10 29
7 22
7 15
25 22
15 29
9 23
12 13
13 5
7 29
24 5
18 21
10 15
4 21
1 18
27 21
25 8
4 25
22 11
29 27
17 25
15 29
28 23
4 13
1 12
19 15
20 8
4 26
6 28
26 14
0 25
7 22
14 25
5 12
14 11
21 8
23 16
7 21
16 26
19 28
23 2
28 2
9 26
12 10
14 28
10 23
25 10
5 23
13 10
17 15
15 25
16 29
12 10
15 29
13 5
15 14
0 28
19 29
21 22
8 19
0 1
19 5
17 11
5 7
6 24
21 5
11 13
26 17
1 5
2 24
20 23
17 2
20 17
0 17
5 28
27 11
4 13
22 27
26 25
18 19
5 28
24 3
20 9
15 26
17 1
17 24
8 5
15 16
15 20
6 29
3