500 1000
0 1
0 2
0 3
1 4
1 5
0 6
5 7
5 8
3 9
7 10
0 11
9 12
4 13
2 14
10 15
9 16
4 17
10 18
6 19
5 20
20 21
20 22
20 23
23 24
18 25
8 26
25 27
18 28
18 29
24 30
18 31
6 32
24 33
13 34
7 35
15 36
31 37
28 38
20 39
5 40
16 41
14 42
30 43
0 44
15 45
19 46
11 47
23 48
11 49
16 50
14 51
16 52
15 53
2 54
39 55
12 56
41 57
24 58
31 59
48 60
15 61
21 62
9 63
8 64
3 65
52 66
46 67
65 68
5 69
14 70
30 71
53 72
64 73
0 74
34 75
12 76
20 77
48 78
68 79
14 80
45 81
78 82
6 83
35 84
32 85
84 86
81 87
26 88
27 89
79 90
68 91
18 92
29 93
3 94
88 95
38 96
59 97
39 98
43 99
79 100
41 101
70 102
44 103
17 104
15 105
82 106
102 107
12 108
33 109
46 110
107 111
109 112
105 113
105 114
18 115
66 116
107 117
96 118
13 119
38 120
112 121
53 122
28 123
32 124
31 125
76 126
29 127
6 128
9 129
83 130
64 131
70 132
129 133
78 134
104 135
94 136
10 137
123 138
125 139
92 140
130 141
38 142
114 143
99 144
80 145
22 146
81 147
112 148
114 149
119 150
27 151
64 152
112 153
100 154
64 155
4 156
27 157
125 158
151 159
150 160
120 161
8 162
31 163
47 164
133 165
154 166
148 167
99 168
75 169
34 170
159 171
155 172
160 173
150 174
27 175
106 176
87 177
10 178
149 179
22 180
4 181
181 182
101 183
143 184
71 185
87 186
119 187
56 188
53 189
99 190
132 191
13 192
107 193
44 194
101 195
22 196
84 197
107 198
137 199
67 200
9 201
25 202
124 203
185 204
29 205
83 206
24 207
200 208
115 209
26 210
4 211
154 212
24 213
166 214
37 215
209 216
84 217
214 218
63 219
145 220
37 221
33 222
13 223
54 224
96 225
38 226
61 227
115 228
135 229
74 230
115 231
117 232
143 233
59 234
92 235
117 236
134 237
84 238
2 239
149 240
40 241
120 242
95 243
39 244
233 245
120 246
91 247
113 248
30 249
97 250
44 251
101 252
235 253
22 254
109 255
220 256
191 257
116 258
111 259
85 260
32 261
200 262
113 263
103 264
37 265
20 266
10 267
76 268
39 269
78 270
79 271
116 272
215 273
171 274
1 275
156 276
109 277
26 278
249 279
70 280
65 281
159 282
166 283
231 284
191 285
248 286
32 287
17 288
42 289
288 290
16 291
160 292
45 293
260 294
237 295
284 296
296 297
141 298
34 299
157 300
138 301
163 302
229 303
178 304
3 305
160 306
249 307
174 308
290 309
261 310
287 311
137 312
196 313
287 314
53 315
214 316
94 317
169 318
8 319
278 320
75 321
236 322
319 323
243 324
136 325
135 326
242 327
311 328
130 329
185 330
137 331
255 332
146 333
193 334
266 335
258 336
166 337
1 338
292 339
323 340
328 341
246 342
341 343
297 344
208 345
157 346
280 347
90 348
130 349
1 350
191 351
174 352
319 353
203 354
216 355
18 356
50 357
191 358
326 359
309 360
125 361
97 362
246 363
108 364
21 365
15 366
236 367
96 368
227 369
260 370
348 371
164 372
232 373
149 374
95 375
250 376
267 377
141 378
195 379
69 380
232 381
357 382
25 383
263 384
85 385
172 386
98 387
280 388
97 389
74 390
231 391
206 392
305 393
369 394
326 395
146 396
382 397
69 398
23 399
49 400
158 401
159 402
106 403
40 404
218 405
145 406
146 407
59 408
53 409
322 410
344 411
297 412
296 413
375 414
210 415
260 416
216 417
339 418
255 419
296 420
291 421
177 422
10 423
170 424
397 425
2 426
333 427
27 428
122 429
413 430
4 431
226 432
170 433
345 434
288 435
269 436
299 437
417 438
431 439
389 440
201 441
439 442
99 443
22 444
125 445
401 446
309 447
310 448
322 449
167 450
392 451
346 452
212 453
422 454
315 455
36 456
85 457
6 458
199 459
197 460
180 461
369 462
121 463
275 464
79 465
333 466
221 467
424 468
265 469
428 470
259 471
268 472
5 473
385 474
202 475
375 476
51 477
230 478
43 479
95 480
324 481
96 482
182 483
414 484
323 485
126 486
307 487
473 488
214 489
14 490
256 491
329 492
439 493
298 494
408 495
211 496
81 497
286 498
390 499
195 480
69 386
297 48
63 472
160 363
171 137
221 18
305 165
25 34
196 1
428 412
37 236
411 27
290 71
87 164
80 224
122 17
466 469
124 374
333 461
146 209
390 85
493 116
344 411
97 85
306 325
398 153
56 477
119 176
82 321
487 91
232 90
7 57
95 436
298 208
79 360
316 88
71 10
84 406
304 262
74 266
27 122
441 425
51 407
4 291
116 245
198 75
12 416
441 491
289 455
229 48
427 383
110 91
74 127
40 453
251 146
334 52
256 385
295 344
320 262
220 11
424 305
226 89
194 5
182 119
387 378
489 333
41 473
72 269
403 257
297 451
484 35
456 197
98 474
74 379
425 68
89 119
92 178
370 40
483 202
131 161
407 357
59 184
451 317
49 371
174 335
251 66
262 421
283 302
322 455
33 473
266 27
285 409
365 168
75 355
480 62
59 82
251 200
376 189
234 280
218 33
107 451
163 385
125 231
302 421
94 421
247 249
415 37
433 205
340 192
84 344
249 163
71 350
0 318
97 498
166 477
87 189
136 408
427 420
465 12
156 191
164 264
239 36
147 14
221 445
483 337
360 383
71 190
398 383
73 102
196 478
484 78
123 56
432 341
196 491
385 118
471 427
240 380
200 339
232 259
448 442
159 229
412 167
77 425
313 73
470 181
494 11
352 38
322 188
56 489
197 314
209 227
168 197
66 355
477 279
2 178
266 389
402 295
307 113
391 57
457 441
310 483
247 417
444 447
1 134
169 232
258 411
133 243
268 308
23 199
198 294
55 42
330 344
27 420
209 148
430 460
273 306
365 488
70 361
356 64
439 251
109 133
427 59
428 437
384 224
373 107
357 458
55 301
141 315
220 222
255 20
487 9
357 388
130 22
56 162
321 356
271 102
83 240
418 409
100 405
86 300
8 361
353 83
292 410
448 68
72 451
205 418
387 252
268 366
352 277
115 355
185 464
112 250
460 51
192 342
301 475
480 167
333 476
217 312
499 422
98 491
92 245
322 370
439 29
305 105
428 203
392 302
157 74
381 255
61 21
11 14
256 353
80 289
35 182
492 253
480 177
166 193
477 293
124 107
208 116
487 391
462 81
426 384
253 376
498 233
350 57
123 460
477 210
146 125
363 404
375 217
29 325
161 214
150 277
205 423
149 342
230 15
337 133
158 355
214 138
210 16
156 78
403 324
0 315
31 218
215 329
480 75
300 195
115 147
378 89
389 361
7 419
423 84
49 208
216 204
474 29
245 140
490 333
25 270
204 490
320 24
371 247
436 361
140 71
138 460
482 414
396 279
408 383
377 81
244 409
268 293
88 292
68 307
492 160
290 176
71 443
273 471
160 19
447 357
10 459
58 443
474 233
232 491
16 466
208 65
141 165
329 491
93 116
179 330
496 305
435 445
27 404
188 351
294 85
308 63
349 246
478 82
393 288
168 351
394 481
255 423
120 465
187 195
56 60
364 23
466 95
388 308
300 497
398 192
271 440
135 196
389 177
482 216
230 5
494 234
215 185
33 397
421 464
154 302
115 490
122 190
319 411
31 405
44 106
395 126
298 162
115 404
297 330
286 443
360 169
98 265
210 196
167 99
211 338
187 83
97 188
300 74
227 111
149 192
173 350
261 404
225 442
29 214
423 182
89 133
86 372
241 67
88 290
492 347
492 431
444 476
100 461
348 449
276 412
210 2
399 382
32 91
108 247
36 272
338 40
132 42
119 295
404 43
143 334
455 31
225 291
387 119
186 1
140 191
47 213
322 103
337 424
485 424
88 430
53 446
81 482
349 217
409 270
93 450
495 17
339 270
438 420
492 458
27 166
360 112
333 87
467 419
146 87
426 408
238 172
122 265
386 285
15 51
149 355
496 432
1 286
150 61
304 109
249 168
153 203
386 147
191 468
5 189
90 370
490 125
331 343
484 352
79 107
387 24
164 160
272 321
119 282
409 165
106 481
160 244
120 85
198 244
305 112
228 479
136 16
414 255
170 136
135 268
176 3
91 325
281 98
493 138
189 232
134 132
47 479
378 487
86 233
24 416
424 259
472 444
222 92
87 466
169 51
480 299
197 384
289 172
481 44
384 288
473 390
456 189
158 336
105 422
121 16
490 130
257 211
260 141
165 206
459 306
112 364
257 46
101 304
219 253
231 27
358 183
304 471
197 469
340 146
320 332
55 102
474 381
122 177
122 337
130 14
249 496
129 331
393 301
265 371
246 201
319 458
209 349
173 480
9 42
231 159
96 321
133 273
214 46
500
473 131
131 174
268 50
148 462
124 333
334 133
258 339
143 101
332 178
390 215
102 278
20 336
119 77
470 387
203 213
288 187
49 98
141 250
415 340
135 407
9 486
182 196
277 46
68 178
165 21
324 384
82 428
276 452
219 89
329 360
53 454
58 289
158 288
341 331
344 388
131 467
413 106
366 69
497 481
81 153
22 264
350 386
271 81
492 414
151 357
64 172
155 310
398 81
112 36
434 331
359 451
106 312
248 438
495 254
412 363
50 398
100 89
253 300
455 64
461 3
108 322
209 373
364 425
63 276
341 204
289 88
2 185
495 406
13 302
380 99
207 46
29 262
442 458
429 359
418 496
354 35
242 158
36 236
15 185
452 7
439 2
140 78
439 460
185 134
275 221
109 499
304 466
47 33
196 51
222 353
238 460
457 454
281 267
301 179
68 423
490 419
6 335
32 262
246 432
222 170
25 278
281 149
222 109
147 342
103 480
23 8
301 5
191 59
253 472
24 114
229 49
423 175
115 136
61 158
272 417
349 208
466 109
121 47
224 89
179 493
21 342
479 113
324 64
499 81
151 394
434 75
472 1
416 263
0 294
137 209
25 399
76 294
426 415
83 282
348 268
261 298
400 435
2 0
426 277
177 132
252 39
18 143
182 250
208 112
456 186
195 475
14 15
82 369
191 457
134 77
116 329
453 197
137 490
356 187
390 260
241 149
40 178
59 401
83 456
150 13
69 476
150 100
228 452
263 200
211 7
21 85
9 38
478 464
25 413
300 50
71 472
379 292
376 174
394 302
209 77
40 88
433 18
395 242
108 163
375 215
157 312
47 11
438 408
277 248
152 189
33 164
485 349
151 299
230 77
281 183
46 254
364 38
319 86
311 160
124 436
11 125
425 87
280 453
348 190
30 422
136 440
405 376
438 216
231 79
129 462
100 50
321 350
240 436
277 209
194 160
30 352
413 448
75 325
100 141
156 299
492 345
114 133
81 311
217 440
342 386
34 39
465 428
300 171
101 104
81 253
167 292
389 66
33 34
107 428
305 413
237 427
90 343
66 364
497 19
350 285
262 323
454 208
266 201
11 397
290 194
157 232
106 318
136 366
418 464
133 353
181 322
80 424
184 87
337 338
483 385
354 298
489 344
133 55
372 225
164 366
468 352
100 458
364 210
126 417
133 65
497 426
346 204
402 9
115 305
400 417
296 391
386 344
475 20
194 127
388 54
111 411
201 263
465 246
45 58
66 414
286 44
131 395
209 38
119 93
423 37
163 324
344 129
151 332
323 184
270 308
410 397
377 490
400 52
319 407
469 364
70 167
195 238
251 177
52 114
388 395
327 19
372 277
432 485
401 173
271 365
237 37
338 382
203 443
394 227
277 460
326 194
42 460
473 38
164 483
0 465
15 69
488 329
127 190
428 404
247 233
70 7
483 469
476 467
102 324
250 411
413 366
189 5
30 336
240 416
11 424
1 171
61 222
157 468
314 159
140 338
361 11
492 273
28 181
80 170
349 429
322 396
148 495
9 251
155 326
213 128
108 29
347 0
30 269
73 202
35 67
243 227
19 71
155 213
437 359
221 307
77 97
434 369
47 174
326 235
251 418
229 431
41 82
422 39
349 303
311 124
268 149
289 393
465 158
492 230
457 176
30 324
341 352
62 31
217 194
99 77
66 451
469 92
325 229
354 419
43 268
352 176
310 456
137 335
478 51
232 321
95 46
114 84
142 279
317 250
491 235
488 152
422 246
301 48
172 254
488 210
49 143
350 114
311 71
149 278
179 137
59 333
491 397
196 62
436 166
349 352
374 67
44 269
480 319
489 87
290 93
75 12
381 461
60 452
64 126
366 269
224 204
334 82
81 166
220 192
118 268
348 302
425 252
276 81
459 367
462 92
315 234
46 380
261 483
85 98
449 194
49 164
21 103
213 29
198 212
351 35
308 98
305 56
283 6
240 76
227 97
92 181
260 290
74 287
346 11
410 183
376 372
411 402
419 122
122 336
374 447
481 402
178 238
230 441
297 337
9 72
432 85
364 285
374 294
95 22
408 401
21 97
239 223
88 415
257 448
449 393
384 227
202 163
275 122
472 186
21 170
323 71
128 233
258 217
200 159
210 191
169 437
136 462
335 267
222 335
464 1
346 398
87 394
436 110
485 286
129 418
176 185
67 431
113 213
360 338
381 186
3 354
381 223
413 448
109 391
206 226
430 14
312 91
59 262
399 298
102 136
152 52
59 139
50 399
222 104
14 377
10
