2000 5000
0 1
0 2
1 3
1 4
3 5
2 6
1 7
6 8
0 9
4 10
3 11
1 12
0 13
3 14
1 15
3 16
6 17
4 18
9 19
19 20
3 21
1 22
21 23
4 24
12 25
8 26
4 27
7 28
26 29
17 30
4 31
10 32
24 33
9 34
16 35
7 36
0 37
10 38
19 39
10 40
9 41
16 42
13 43
1 44
1 45
16 46
46 47
18 48
31 49
44 50
18 51
22 52
37 53
50 54
11 55
50 56
3 57
35 58
46 59
21 60
59 61
3 62
23 63
2 64
4 65
26 66
52 67
28 68
6 69
2 70
66 71
34 72
49 73
4 74
15 75
32 76
27 77
42 78
43 79
11 80
16 81
38 82
3 83
3 84
21 85
34 86
59 87
63 88
27 89
66 90
51 91
67 92
91 93
4 94
60 95
77 96
89 97
51 98
48 99
78 100
43 101
12 102
91 103
42 104
14 105
78 106
47 107
24 108
39 109
72 110
67 111
52 112
92 113
12 114
35 115
20 116
86 117
44 118
19 119
62 120
47 121
32 122
37 123
106 124
118 125
58 126
23 127
29 128
61 129
87 130
74 131
122 132
77 133
23 134
83 135
107 136
4 137
59 138
81 139
113 140
6 141
99 142
54 143
101 144
26 145
114 146
146 147
73 148
54 149
120 150
150 151
58 152
121 153
73 154
153 155
96 156
34 157
153 158
95 159
82 160
80 161
112 162
136 163
71 164
127 165
143 166
149 167
39 168
91 169
8 170
165 171
4 172
165 173
24 174
36 175
122 176
46 177
107 178
31 179
91 180
71 181
21 182
20 183
134 184
110 185
162 186
66 187
64 188
96 189
120 190
25 191
175 192
44 193
130 194
123 195
135 196
52 197
163 198
110 199
40 200
49 201
41 202
199 203
61 204
203 205
181 206
144 207
138 208
29 209
144 210
130 211
93 212
36 213
48 214
181 215
104 216
14 217
28 218
100 219
137 220
182 221
218 222
83 223
170 224
63 225
18 226
197 227
160 228
13 229
101 230
123 231
78 232
39 233
105 234
111 235
159 236
214 237
148 238
180 239
177 240
178 241
194 242
17 243
44 244
205 245
88 246
196 247
247 248
234 249
175 250
99 251
122 252
183 253
110 254
54 255
96 256
169 257
213 258
196 259
206 260
75 261
192 262
77 263
215 264
35 265
127 266
154 267
257 268
17 269
32 270
257 271
212 272
89 273
105 274
242 275
253 276
273 277
41 278
114 279
248 280
258 281
261 282
205 283
113 284
280 285
220 286
259 287
209 288
78 289
200 290
239 291
189 292
259 293
52 294
76 295
186 296
39 297
42 298
2 299
120 300
223 301
116 302
140 303
28 304
112 305
43 306
257 307
292 308
28 309
93 310
292 311
259 312
279 313
37 314
293 315
187 316
79 317
222 318
283 319
125 320
28 321
114 322
227 323
50 324
75 325
52 326
172 327
292 328
69 329
64 330
42 331
246 332
263 333
176 334
276 335
286 336
288 337
298 338
145 339
275 340
35 341
317 342
260 343
190 344
243 345
120 346
94 347
190 348
297 349
105 350
232 351
130 352
329 353
352 354
215 355
194 356
293 357
117 358
291 359
72 360
251 361
6 362
269 363
125 364
312 365
325 366
115 367
249 368
330 369
223 370
21 371
250 372
17 373
367 374
193 375
112 376
10 377
140 378
143 379
258 380
4 381
104 382
169 383
321 384
296 385
10 386
134 387
339 388
103 389
270 390
205 391
266 392
347 393
261 394
263 395
369 396
100 397
35 398
152 399
350 400
177 401
297 402
179 403
84 404
6 405
67 406
281 407
374 408
172 409
245 410
85 411
96 412
148 413
38 414
8 415
69 416
145 417
182 418
393 419
378 420
340 421
35 422
341 423
384 424
31 425
415 426
368 427
379 428
406 429
132 430
272 431
105 432
136 433
92 434
353 435
140 436
364 437
359 438
128 439
165 440
175 441
441 442
356 443
380 444
242 445
231 446
373 447
279 448
349 449
139 450
398 451
59 452
30 453
108 454
203 455
396 456
94 457
387 458
103 459
428 460
158 461
338 462
206 463
41 464
143 465
371 466
455 467
344 468
31 469
338 470
342 471
0 472
316 473
347 474
161 475
328 476
429 477
308 478
280 479
303 480
427 481
174 482
258 483
148 484
183 485
361 486
54 487
210 488
66 489
3 490
188 491
220 492
40 493
105 494
214 495
406 496
172 497
81 498
289 499
355 500
417 501
49 502
60 503
334 504
258 505
84 506
359 507
92 508
200 509
53 510
214 511
171 512
255 513
352 514
260 515
194 516
313 517
299 518
382 519
436 520
161 521
174 522
290 523
439 524
31 525
222 526
278 527
252 528
112 529
477 530
373 531
310 532
43 533
463 534
309 535
151 536
360 537
418 538
411 539
475 540
125 541
12 542
379 543
306 544
266 545
94 546
88 547
384 548
8 549
527 550
337 551
403 552
273 553
463 554
266 555
58 556
242 557
212 558
102 559
545 560
441 561
143 562
174 563
77 564
155 565
190 566
533 567
424 568
297 569
397 570
94 571
372 572
369 573
364 574
349 575
180 576
68 577
107 578
68 579
119 580
555 581
165 582
172 583
214 584
424 585
438 586
375 587
72 588
330 589
259 590
416 591
394 592
289 593
121 594
569 595
9 596
139 597
520 598
405 599
501 600
122 601
475 602
568 603
164 604
295 605
237 606
429 607
365 608
200 609
358 610
443 611
559 612
186 613
260 614
498 615
519 616
162 617
525 618
157 619
505 620
277 621
43 622
216 623
514 624
24 625
432 626
121 627
607 628
110 629
233 630
31 631
376 632
629 633
555 634
206 635
351 636
36 637
290 638
506 639
619 640
298 641
170 642
240 643
519 644
286 645
163 646
258 647
416 648
43 649
486 650
122 651
643 652
563 653
548 654
467 655
26 656
581 657
220 658
52 659
363 660
568 661
580 662
487 663
111 664
575 665
586 666
8 667
285 668
146 669
417 670
514 671
590 672
534 673
130 674
57 675
408 676
198 677
603 678
571 679
88 680
74 681
527 682
418 683
665 684
474 685
158 686
285 687
642 688
116 689
658 690
430 691
291 692
355 693
667 694
7 695
404 696
107 697
23 698
197 699
63 700
35 701
276 702
11 703
226 704
331 705
240 706
521 707
411 708
368 709
361 710
341 711
297 712
608 713
692 714
192 715
602 716
599 717
529 718
180 719
29 720
382 721
610 722
404 723
540 724
639 725
479 726
406 727
462 728
664 729
77 730
51 731
375 732
445 733
113 734
614 735
42 736
222 737
266 738
31 739
51 740
331 741
463 742
515 743
724 744
26 745
408 746
510 747
666 748
634 749
584 750
11 751
511 752
427 753
649 754
481 755
310 756
603 757
752 758
567 759
378 760
76 761
472 762
258 763
316 764
38 765
169 766
454 767
366 768
12 769
566 770
515 771
370 772
386 773
261 774
638 775
14 776
504 777
478 778
731 779
495 780
387 781
539 782
437 783
86 784
209 785
557 786
37 787
260 788
767 789
116 790
183 791
679 792
662 793
157 794
409 795
85 796
304 797
423 798
449 799
204 800
45 801
651 802
802 803
175 804
177 805
76 806
792 807
429 808
331 809
564 810
193 811
91 812
149 813
393 814
204 815
287 816
69 817
479 818
673 819
755 820
640 821
34 822
399 823
362 824
730 825
154 826
452 827
202 828
826 829
155 830
498 831
498 832
234 833
502 834
262 835
104 836
81 837
49 838
622 839
290 840
20 841
577 842
710 843
449 844
788 845
571 846
175 847
524 848
601 849
770 850
702 851
380 852
237 853
537 854
445 855
811 856
785 857
454 858
380 859
474 860
512 861
290 862
491 863
413 864
143 865
570 866
782 867
470 868
363 869
785 870
397 871
633 872
532 873
278 874
445 875
63 876
175 877
807 878
595 879
50 880
686 881
233 882
745 883
757 884
884 885
803 886
489 887
691 888
578 889
6 890
459 891
438 892
230 893
646 894
371 895
350 896
359 897
218 898
552 899
7 900
217 901
830 902
505 903
28 904
766 905
298 906
173 907
703 908
61 909
407 910
221 911
591 912
313 913
320 914
515 915
643 916
727 917
266 918
403 919
729 920
405 921
717 922
340 923
902 924
780 925
191 926
312 927
186 928
273 929
227 930
902 931
233 932
506 933
204 934
837 935
252 936
166 937
886 938
21 939
811 940
294 941
137 942
774 943
783 944
907 945
696 946
461 947
781 948
14 949
492 950
521 951
735 952
185 953
778 954
260 955
489 956
926 957
57 958
760 959
742 960
871 961
184 962
722 963
423 964
312 965
378 966
787 967
444 968
175 969
883 970
260 971
554 972
428 973
16 974
800 975
673 976
166 977
670 978
881 979
244 980
972 981
403 982
708 983
132 984
459 985
972 986
631 987
154 988
487 989
781 990
290 991
736 992
947 993
644 994
210 995
311 996
46 997
490 998
424 999
665 1000
929 1001
1001 1002
166 1003
621 1004
338 1005
715 1006
540 1007
368 1008
88 1009
639 1010
418 1011
55 1012
337 1013
845 1014
487 1015
10 1016
444 1017
587 1018
697 1019
929 1020
122 1021
64 1022
393 1023
59 1024
1015 1025
348 1026
471 1027
941 1028
767 1029
386 1030
800 1031
124 1032
26 1033
142 1034
386 1035
247 1036
454 1037
323 1038
1011 1039
213 1040
604 1041
40 1042
869 1043
854 1044
166 1045
545 1046
319 1047
1007 1048
57 1049
778 1050
710 1051
746 1052
718 1053
543 1054
453 1055
820 1056
104 1057
164 1058
1021 1059
252 1060
905 1061
302 1062
935 1063
604 1064
601 1065
499 1066
1003 1067
634 1068
194 1069
886 1070
503 1071
960 1072
727 1073
954 1074
559 1075
701 1076
330 1077
976 1078
278 1079
651 1080
742 1081
683 1082
283 1083
341 1084
159 1085
601 1086
718 1087
193 1088
735 1089
785 1090
1048 1091
329 1092
18 1093
174 1094
766 1095
426 1096
822 1097
12 1098
112 1099
758 1100
777 1101
1011 1102
161 1103
459 1104
1015 1105
506 1106
45 1107
425 1108
606 1109
311 1110
226 1111
1072 1112
244 1113
475 1114
715 1115
530 1116
3 1117
143 1118
730 1119
930 1120
1119 1121
997 1122
701 1123
1033 1124
798 1125
1063 1126
1024 1127
517 1128
410 1129
177 1130
681 1131
861 1132
252 1133
569 1134
818 1135
901 1136
104 1137
351 1138
1012 1139
952 1140
798 1141
499 1142
354 1143
1032 1144
826 1145
889 1146
266 1147
578 1148
503 1149
1080 1150
953 1151
381 1152
430 1153
965 1154
261 1155
406 1156
524 1157
617 1158
76 1159
849 1160
147 1161
655 1162
277 1163
577 1164
885 1165
492 1166
489 1167
484 1168
855 1169
109 1170
1100 1171
211 1172
548 1173
111 1174
254 1175
854 1176
495 1177
186 1178
297 1179
180 1180
451 1181
443 1182
280 1183
160 1184
598 1185
859 1186
710 1187
927 1188
521 1189
213 1190
583 1191
1136 1192
1148 1193
367 1194
371 1195
669 1196
364 1197
187 1198
748 1199
1157 1200
475 1201
419 1202
1173 1203
343 1204
56 1205
1026 1206
449 1207
696 1208
169 1209
1015 1210
1195 1211
802 1212
344 1213
569 1214
319 1215
856 1216
272 1217
673 1218
30 1219
622 1220
911 1221
934 1222
831 1223
660 1224
1169 1225
1144 1226
371 1227
837 1228
357 1229
658 1230
421 1231
843 1232
502 1233
656 1234
554 1235
514 1236
716 1237
146 1238
160 1239
442 1240
1167 1241
711 1242
256 1243
198 1244
781 1245
363 1246
894 1247
93 1248
1168 1249
1145 1250
663 1251
900 1252
927 1253
1181 1254
1113 1255
365 1256
206 1257
688 1258
130 1259
692 1260
1196 1261
723 1262
229 1263
176 1264
1032 1265
722 1266
300 1267
878 1268
506 1269
235 1270
1162 1271
54 1272
1135 1273
1152 1274
343 1275
1175 1276
1028 1277
688 1278
1232 1279
630 1280
263 1281
1259 1282
102 1283
993 1284
814 1285
1168 1286
1266 1287
705 1288
216 1289
264 1290
1163 1291
184 1292
251 1293
234 1294
281 1295
106 1296
750 1297
944 1298
349 1299
893 1300
2 1301
374 1302
969 1303
175 1304
333 1305
738 1306
685 1307
491 1308
35 1309
454 1310
281 1311
985 1312
1139 1313
828 1314
68 1315
480 1316
715 1317
1057 1318
110 1319
315 1320
1058 1321
899 1322
269 1323
291 1324
1065 1325
1269 1326
647 1327
593 1328
563 1329
714 1330
199 1331
1136 1332
1295 1333
994 1334
453 1335
797 1336
423 1337
405 1338
27 1339
282 1340
367 1341
1211 1342
369 1343
1297 1344
663 1345
873 1346
891 1347
90 1348
210 1349
516 1350
869 1351
1314 1352
1028 1353
1183 1354
1107 1355
414 1356
329 1357
432 1358
1278 1359
1113 1360
378 1361
387 1362
1195 1363
1078 1364
1096 1365
1304 1366
1322 1367
1016 1368
885 1369
1090 1370
844 1371
928 1372
982 1373
60 1374
1047 1375
143 1376
457 1377
389 1378
1162 1379
270 1380
672 1381
155 1382
413 1383
1315 1384
1343 1385
104 1386
1179 1387
183 1388
371 1389
385 1390
200 1391
667 1392
592 1393
226 1394
639 1395
54 1396
310 1397
1103 1398
689 1399
646 1400
432 1401
514 1402
1228 1403
736 1404
1132 1405
1082 1406
60 1407
1227 1408
1257 1409
198 1410
629 1411
861 1412
1261 1413
1071 1414
229 1415
820 1416
1117 1417
626 1418
352 1419
1100 1420
1010 1421
1387 1422
663 1423
308 1424
582 1425
541 1426
470 1427
101 1428
1139 1429
861 1430
1301 1431
168 1432
1399 1433
1396 1434
1002 1435
294 1436
832 1437
660 1438
1356 1439
1147 1440
807 1441
437 1442
808 1443
996 1444
998 1445
1156 1446
762 1447
824 1448
1081 1449
942 1450
662 1451
1383 1452
891 1453
385 1454
295 1455
864 1456
112 1457
1093 1458
737 1459
314 1460
554 1461
795 1462
423 1463
471 1464
865 1465
572 1466
344 1467
253 1468
346 1469
32 1470
457 1471
254 1472
10 1473
99 1474
970 1475
369 1476
302 1477
1309 1478
569 1479
456 1480
60 1481
648 1482
533 1483
432 1484
1312 1485
286 1486
333 1487
625 1488
1092 1489
985 1490
923 1491
512 1492
1379 1493
1369 1494
1427 1495
423 1496
1439 1497
329 1498
664 1499
145 1500
1245 1501
304 1502
801 1503
1317 1504
394 1505
458 1506
858 1507
1124 1508
142 1509
70 1510
1362 1511
1215 1512
1177 1513
1317 1514
165 1515
1039 1516
365 1517
1166 1518
1226 1519
1395 1520
1132 1521
575 1522
584 1523
875 1524
1518 1525
935 1526
1451 1527
1461 1528
1006 1529
867 1530
1061 1531
1241 1532
1217 1533
1342 1534
838 1535
1357 1536
890 1537
223 1538
1286 1539
1468 1540
812 1541
54 1542
83 1543
323 1544
355 1545
437 1546
1095 1547
1469 1548
1246 1549
1467 1550
1255 1551
1451 1552
942 1553
83 1554
566 1555
1320 1556
432 1557
163 1558
181 1559
740 1560
1193 1561
1111 1562
693 1563
734 1564
577 1565
799 1566
23 1567
162 1568
1544 1569
406 1570
1107 1571
1248 1572
1028 1573
689 1574
821 1575
380 1576
527 1577
533 1578
631 1579
1463 1580
1148 1581
1531 1582
425 1583
114 1584
122 1585
1201 1586
1368 1587
1053 1588
270 1589
635 1590
675 1591
1478 1592
6 1593
358 1594
497 1595
1098 1596
1139 1597
996 1598
1584 1599
663 1600
1233 1601
95 1602
1232 1603
551 1604
1311 1605
359 1606
382 1607
205 1608
330 1609
1347 1610
780 1611
1531 1612
1581 1613
1519 1614
230 1615
872 1616
1055 1617
896 1618
1193 1619
1251 1620
1557 1621
903 1622
6 1623
877 1624
539 1625
1441 1626
1566 1627
1194 1628
1160 1629
309 1630
809 1631
568 1632
619 1633
174 1634
1527 1635
203 1636
1033 1637
810 1638
332 1639
651 1640
891 1641
1325 1642
1297 1643
1149 1644
397 1645
1268 1646
200 1647
1425 1648
475 1649
1252 1650
21 1651
1455 1652
1156 1653
789 1654
1024 1655
704 1656
483 1657
1641 1658
1269 1659
1067 1660
557 1661
1088 1662
1627 1663
1205 1664
817 1665
215 1666
1066 1667
232 1668
159 1669
591 1670
325 1671
1007 1672
548 1673
92 1674
1488 1675
1482 1676
296 1677
717 1678
628 1679
402 1680
1308 1681
1249 1682
247 1683
1025 1684
1273 1685
1646 1686
1564 1687
141 1688
1469 1689
697 1690
1006 1691
1593 1692
1421 1693
1183 1694
347 1695
1222 1696
460 1697
756 1698
18 1699
1375 1700
84 1701
1567 1702
622 1703
778 1704
1224 1705
1045 1706
1034 1707
1333 1708
843 1709
700 1710
263 1711
1218 1712
1604 1713
1355 1714
1163 1715
72 1716
1511 1717
1250 1718
1276 1719
1189 1720
1336 1721
1649 1722
377 1723
1476 1724
1363 1725
1476 1726
523 1727
790 1728
390 1729
621 1730
832 1731
1166 1732
442 1733
1257 1734
719 1735
771 1736
431 1737
1282 1738
132 1739
1283 1740
488 1741
462 1742
1353 1743
1457 1744
807 1745
215 1746
1660 1747
323 1748
1691 1749
712 1750
1455 1751
1129 1752
882 1753
562 1754
1038 1755
1353 1756
936 1757
1625 1758
1444 1759
805 1760
679 1761
391 1762
195 1763
1174 1764
883 1765
148 1766
419 1767
906 1768
81 1769
759 1770
1226 1771
351 1772
504 1773
941 1774
1387 1775
1191 1776
603 1777
918 1778
97 1779
1578 1780
215 1781
1369 1782
303 1783
153 1784
1624 1785
1147 1786
1176 1787
911 1788
33 1789
1429 1790
1562 1791
501 1792
615 1793
1032 1794
1312 1795
735 1796
501 1797
883 1798
478 1799
1729 1800
183 1801
1025 1802
1134 1803
663 1804
119 1805
441 1806
1330 1807
726 1808
517 1809
838 1810
1079 1811
1747 1812
1677 1813
1752 1814
797 1815
1232 1816
356 1817
1098 1818
600 1819
128 1820
258 1821
1250 1822
945 1823
942 1824
7 1825
199 1826
1459 1827
1543 1828
1022 1829
350 1830
815 1831
64 1832
790 1833
703 1834
1161 1835
473 1836
1082 1837
388 1838
242 1839
383 1840
127 1841
753 1842
907 1843
11 1844
344 1845
1246 1846
979 1847
107 1848
714 1849
214 1850
894 1851
185 1852
1314 1853
802 1854
262 1855
1461 1856
28 1857
1847 1858
845 1859
870 1860
902 1861
67 1862
362 1863
446 1864
1690 1865
1285 1866
725 1867
842 1868
1418 1869
822 1870
927 1871
1632 1872
16 1873
1793 1874
1239 1875
73 1876
1331 1877
779 1878
810 1879
776 1880
320 1881
1224 1882
671 1883
290 1884
1591 1885
1415 1886
1259 1887
1164 1888
1288 1889
537 1890
734 1891
1789 1892
645 1893
1517 1894
569 1895
71 1896
1186 1897
1546 1898
1800 1899
1748 1900
1882 1901
1452 1902
500 1903
875 1904
816 1905
727 1906
578 1907
672 1908
1258 1909
30 1910
1146 1911
531 1912
329 1913
806 1914
1889 1915
96 1916
1347 1917
836 1918
112 1919
231 1920
42 1921
1876 1922
1316 1923
344 1924
1730 1925
1688 1926
1729 1927
667 1928
268 1929
726 1930
1776 1931
783 1932
1361 1933
203 1934
158 1935
606 1936
124 1937
757 1938
264 1939
61 1940
602 1941
674 1942
1249 1943
131 1944
1109 1945
1600 1946
1298 1947
1939 1948
556 1949
1068 1950
1498 1951
556 1952
191 1953
165 1954
456 1955
1517 1956
404 1957
1214 1958
151 1959
1061 1960
111 1961
170 1962
1792 1963
1942 1964
702 1965
749 1966
1210 1967
1352 1968
1496 1969
1969 1970
1896 1971
767 1972
1056 1973
317 1974
107 1975
1836 1976
314 1977
427 1978
1347 1979
793 1980
1421 1981
1559 1982
1859 1983
159 1984
628 1985
319 1986
862 1987
611 1988
574 1989
805 1990
929 1991
430 1992
1590 1993
236 1994
97 1995
1682 1996
325 1997
353 1998
1449 1999
1658 702
1594 1769
848 68
493 448
271 659
290 188
796 1657
1049 748
286 287
951 459
1808 548
593 1957
571 930
3 123
250 1678
1781 1298
731 484
1473 820
1733 1947
1668 46
1771 811
798 305
341 977
1807 1848
218 153
1667 317
1261 1846
1986 854
1052 571
1677 1301
1488 992
459 605
558 1854
840 1056
1267 1116
1488 392
885 732
788 680
191 216
1480 1832
3 1948
837 1239
1203 1568
396 318
1307 14
356 1910
1634 1683
1144 223
1794 1476
512 1100
1942 1269
756 739
1316 433
1917 393
204 336
1801 801
89 1494
1735 1659
833 58
227 217
1577 1497
50 1821
1773 1056
254 853
541 1190
289 1173
651 1673
1225 823
1429 1639
40 1857
224 680
54 1356
781 1389
515 102
1177 723
847 728
1652 955
1446 879
1808 699
1612 531
1870 327
221 1409
1011 188
829 342
759 215
1992 739
212 1568
1868 309
441 316
922 41
1776 401
1314 722
1378 985
641 527
127 553
699 871
414 1209
1692 1767
1602 451
388 1847
1083 218
662 570
1014 989
456 673
698 1529
507 207
1904 1823
312 662
1646 561
650 1261
880 943
1271 745
1309 225
1644 1794
651 559
586 1757
651 1296
163 1823
1031 113
999 206
1933 1253
1375 1045
955 153
1104 1960
859 1923
1006 261
468 1301
55 1227
325 1701
493 1607
1807 355
367 1231
80 1284
1997 1690
188 1164
541 1760
127 1835
539 66
1406 566
310 1649
1769 1493
1442 998
1317 1290
662 383
690 829
385 909
111 1839
578 1458
1640 1451
408 582
448 209
401 987
1896 1018
443 827
1744 440
1027 1106
1417 1060
748 45
394 1030
1389 308
1838 401
1108 1923
1948 1233
1544 66
1660 512
1384 1492
381 1421
787 353
753 1358
1385 1968
1315 682
93 741
1896 0
56 1853
974 1181
892 1221
1151 1076
364 1043
8 1867
1169 1724
938 1529
1893 389
1493 1128
794 360
98 946
997 282
306 1924
1818 1490
1185 588
1036 1743
82 486
351 729
1549 1149
1203 1135
964 1027
590 573
761 960
1660 1158
791 438
1416 484
243 1641
227 1451
736 366
1609 1035
806 1053
1860 1621
1446 128
1027 592
1697 782
601 1122
1330 1566
847 940
94 1861
1059 1271
602 20
1227 1891
1640 1883
245 1417
1856 244
1564 491
1180 622
82 1583
1706 1205
1558 1188
1560 400
876 230
753 1476
1155 500
1659 1062
1221 1387
1686 1250
255 1114
406 31
1110 1930
872 1210
1527 1694
1022 32
1708 334
1663 1088
888 1772
409 1273
788 1988
1780 709
1579 1673
1295 194
1148 1704
491 1433
1462 255
1135 1901
451 474
1976 1629
939 1884
439 1456
1539 539
1968 1733
832 1447
74 1208
291 1485
200 311
1047 1601
1790 703
1047 39
246 1506
951 1830
695 1882
1350 1028
587 699
1049 263
118 1194
1463 1889
59 941
671 438
390 1154
1270 232
370 1484
1142 1071
824 1742
221 1609
1521 1024
1318 887
146 1431
8 22
1204 293
1734 1092
818 1638
229 1930
1949 1192
1437 1180
948 1419
1793 887
1086 794
894 1164
1627 1748
695 604
175 790
1646 211
543 1535
972 723
175 239
89 1599
580 344
1641 1764
997 1669
1126 1345
245 62
176 1645
52 1116
981 1682
1374 168
357 1703
0 626
1061 862
1434 569
1200 624
1793 1261
107 1908
1821 327
1656 1875
767 713
100 1268
26 1312
1381 1887
1625 876
1309 906
793 699
27 762
1830 627
1249 651
49 1090
76 1595
385 1764
171 1335
912 1115
1072 442
779 1604
1632 986
738 970
1656 592
1051 1074
1443 1384
1526 594
498 1502
1272 1024
475 499
941 764
718 1480
980 413
62 131
1022 480
1545 1303
738 0
920 1691
807 975
1593 570
1985 716
592 789
982 31
1827 1462
1290 1848
1217 1220
409 211
1511 539
919 1102
1156 865
1368 671
1647 579
172 525
1545 1968
1826 1926
493 349
876 1384
1355 1122
361 984
12 448
77 964
76 1035
132 426
1609 931
1456 385
1105 1537
1402 884
363 77
1618 1340
46 1804
777 1174
861 1098
880 860
1088 715
110 1041
1116 1005
339 367
1677 1787
658 1768
391 1592
1415 850
591 1260
1879 350
754 550
576 46
1337 1260
317 1995
1185 1081
775 1688
1082 1762
45 1404
1788 482
915 1244
89 1296
1353 1887
949 145
304 1647
617 777
1735 30
1967 230
341 72
1474 1596
1313 704
1518 530
1485 1394
1783 671
886 920
1526 193
29 1649
854 800
1993 1125
1126 972
482 716
1146 1200
1655 554
1969 1562
1741 774
796 1616
576 614
901 881
435 566
738 1327
1781 242
1119 1498
1099 1561
302 1295
312 1476
1199 580
1488 528
688 205
155 1325
547 1395
202 168
1674 68
789 260
1647 477
1019 106
1147 1969
695 1373
1091 247
543 448
815 649
351 1752
1467 1450
1470 47
467 1646
1404 645
1133 86
1885 743
1537 711
1420 1315
640 1120
77 166
1266 1247
1481 1786
1992 1314
1318 764
1621 1165
1522 789
1497 640
1207 486
1889 354
746 331
664 1052
1826 1832
286 1092
1673 40
880 1437
1940 416
365 490
1462 1740
528 220
288 193
462 822
1258 1069
1022 1504
1922 942
64 227
665 753
1903 1996
198 1886
1951 141
1927 247
1011 989
297 1687
1150 158
1973 1073
1885 1027
1316 667
296 1731
1007 1898
45 1496
909 1884
274 1229
639 1093
1908 1101
339 1431
717 370
124 1609
448 1291
1814 1119
1985 605
1034 1454
1694 811
1578 1512
1926 1266
1778 828
747 531
1105 1598
152 655
1660 1946
1277 1533
454 937
579 811
148 1829
1045 1427
1940 106
708 1146
976 1836
611 1348
1006 888
653 1922
1879 1503
438 820
293 772
1928 814
1207 1118
1672 541
90 1277
918 1228
394 1496
1408 200
682 365
782 414
751 1107
1318 1057
55 679
949 985
304 29
1691 1049
1726 1933
1728 1986
783 772
907 588
1624 1283
1033 1700
850 1142
743 1171
37 860
615 380
1488 150
1548 1635
572 1222
1930 1140
1535 829
277 874
524 302
1607 1929
765 62
1828 1123
1714 1725
375 1926
1611 1687
1074 319
858 346
729 8
1283 921
1304 527
1979 1438
510 565
1736 779
925 1038
1294 448
1533 1606
1819 1020
716 1341
1506 1234
515 740
929 516
675 564
1225 1426
51 1049
1731 182
204 1995
90 1038
488 1610
1338 346
1639 1772
1846 1009
647 1351
712 670
49 1456
155 1260
1114 618
970 296
583 54
496 424
143 724
1010 1550
195 1699
1372 69
857 344
506 1401
1428 1685
627 1477
1049 1818
1574 1047
1310 117
1879 1949
1249 833
407 1560
1082 639
473 542
838 336
1884 1904
1515 934
1917 1128
1046 1454
924 65
76 1691
792 347
1803 562
129 581
1982 348
1728 1741
1870 542
151 1902
346 1649
901 1311
944 1566
812 768
1655 685
1163 1076
1811 392
1812 738
917 1141
1006 1469
1629 1075
1683 0
1966 524
1637 1017
1127 960
554 524
912 1311
1660 310
503 1682
810 1630
1304 1107
657 757
1375 1707
826 633
1771 1873
1775 162
743 635
362 1184
635 299
1928 433
97 933
953 248
1495 1630
1971 1167
1476 842
1796 233
1177 1590
50 1339
1801 1714
1703 1499
379 1143
144 1897
267 1793
1084 836
1768 1199
1953 846
692 145
1401 876
1928 748
878 658
1991 1455
1665 958
509 1956
1498 552
1352 821
1463 635
958 1870
1890 109
1442 946
2 848
415 1122
1315 1452
568 45
149 1058
106 33
143 1336
143 174
1860 1018
17 22
611 1955
1251 23
6 1940
470 257
1671 531
959 259
741 264
580 1571
953 373
1679 1654
206 1564
87 1654
1188 1600
335 1553
943 125
663 161
1305 592
1768 407
96 1495
1855 1699
1334 46
1917 737
1278 1800
315 1804
1549 1639
1293 591
1598 994
1455 509
51 726
683 1612
627 1159
1804 1462
769 1619
94 1574
451 646
1218 154
1460 1662
1547 1519
602 1783
1338 655
786 366
1343 1401
852 1811
736 599
1162 113
275 237
1195 1347
1828 378
1521 708
937 1775
101 116
845 1227
1 731
1304 1930
1387 1701
645 1851
1229 833
1606 1028
653 939
857 672
823 49
1194 1819
1074 1991
1882 966
1604 1424
1529 285
461 1756
535 598
1229 1588
593 1152
153 1503
738 785
110 550
1285 1197
238 499
1410 588
1590 1192
1675 1399
779 1367
1039 535
691 919
348 1802
599 1656
1950 32
345 169
1286 447
1835 1763
434 1096
770 512
1958 272
1293 1411
1313 703
705 1739
1337 1512
1275 1877
1028 267
297 1678
1888 1987
227 465
895 1851
1038 367
892 706
222 200
305 1890
688 925
674 1638
386 316
1514 1113
9 662
824 1911
546 823
1649 1606
1987 360
112 904
649 1685
1759 488
935 1707
626 1812
1517 67
805 516
1762 1768
1237 1345
651 1438
1443 1797
1542 251
1348 905
628 96
796 781
1053 1588
1781 426
1082 900
109 1588
79 172
236 1245
1478 1022
1183 366
861 1441
166 496
325 282
120 280
1305 597
1122 707
765 1400
1492 1160
939 1427
1541 1299
890 1294
1824 1684
430 1771
923 1911
1182 1213
924 1887
1174 1354
6 991
199 315
1087 1608
948 1083
1176 1660
647 579
944 761
1029 269
317 1749
1915 1183
459 921
1007 255
12 64
806 1986
986 1404
1894 1472
1155 1224
1124 6
1600 1430
183 506
855 1135
263 371
1999 799
757 541
1156 495
1912 1957
1041 490
737 1950
484 406
1833 174
744 1934
1034 793
166 1390
78 485
450 1140
544 734
405 175
960 540
1138 424
42 1681
0 943
622 618
1414 815
1182 409
433 910
298 115
829 626
373 417
156 39
361 1990
668 189
1827 278
512 98
1693 197
157 1302
1156 761
1701 23
552 808
1589 1186
259 1681
1155 1266
475 873
1105 608
1610 226
1872 1397
282 488
997 403
617 568
377 1854
862 1321
1744 141
1170 1599
646 170
948 1988
1827 1751
1866 1206
744 1323
568 1383
153 770
192 1672
393 251
395 82
1620 1270
1329 1737
1309 757
271 1453
1651 1680
428 649
1700 1291
1840 1694
160 1819
39 608
846 332
1551 1604
266 103
1146 1859
713 389
1509 306
174 1895
1065 743
413 1696
288 719
700 708
868 409
1983 1146
1066 518
358 1565
1551 416
1940 516
1430 582
1056 1923
45 925
332 1895
411 228
1515 1074
233 177
1971 389
962 986
1356 1853
1232 1475
1029 7
538 1476
399 1285
421 1228
169 1643
1026 186
1778 1834
825 1292
1503 556
1240 1218
1660 1932
1123 650
1441 1682
116 937
1364 1857
1960 783
855 1194
1563 1164
156 1771
1097 506
1065 776
1890 643
30 109
105 792
619 439
408 141
1423 1491
278 1779
1007 222
466 1805
952 890
977 1334
814 1747
1176 1792
1967 1977
1302 1557
1413 1158
1013 86
977 962
1343 1140
1161 1044
1675 627
870 1811
58 888
176 842
1829 251
1209 1678
1518 144
111 522
1838 1848
1947 816
342 1180
461 541
120 1065
699 716
1654 1909
189 1942
190 1772
1486 99
1352 658
1490 304
1132 78
1093 1366
689 284
1140 1458
191 275
945 284
1620 1480
1481 12
184 632
1089 787
1591 1603
1625 1197
996 307
766 1311
1580 457
1224 1873
367 1555
432 619
1410 1453
614 1747
1162 462
1000 1202
1396 551
691 885
1377 1723
1830 1547
99 50
715 509
1161 792
1561 703
1108 281
1603 1537
201 293
1437 62
507 162
1351 1359
485 172
940 7
840 294
1309 1660
1168 1945
974 1645
64 454
158 1804
1629 745
786 417
557 1336
317 1881
187 746
556 263
1901 196
1233 294
643 132
1250 242
341 310
1954 1133
1249 1384
1435 629
1945 68
1213 1522
1574 192
1667 214
954 1075
441 1215
586 1140
1207 257
914 102
226 822
285 1262
1997 37
960 1022
871 507
1896 1178
1868 633
550 529
1954 1045
1871 1010
1984 451
1137 674
1367 884
1551 847
165 805
139 971
1124 46
27 732
1052 729
1478 251
675 370
1736 170
882 779
469 718
1728 26
1 898
837 836
1384 1814
1961 1740
1408 1243
13 926
476 1103
1356 363
1949 421
599 534
549 1593
1904 118
1968 1388
1030 1924
1322 1347
950 1785
1764 582
1335 955
393 1788
1874 690
320 134
1241 1183
573 31
466 24
1446 906
1569 908
941 229
1868 765
1867 441
1482 406
950 188
1578 132
1881 1564
185 174
1020 1891
1377 262
626 225
778 1352
508 959
733 1421
151 1483
1088 521
2 636
1171 775
358 165
125 748
970 1036
616 387
992 1816
882 1543
826 1362
1525 475
554 631
1539 974
1150 1432
234 859
800 1746
787 520
760 1915
767 451
155 1997
285 115
102 408
983 1641
1880 1231
1718 118
451 1745
1282 1545
876 1202
1049 14
1751 916
930 1834
112 1356
455 1816
196 664
1034 619
1429 849
1226 841
1246 412
1002 921
376 367
135 545
760 1891
1909 1134
520 1850
763 975
1405 666
550 1130
1818 1385
704 664
709 240
618 413
1977 501
759 523
243 1682
388 888
1163 1386
1311 375
1780 1842
1454 1066
1853 314
1227 1170
1559 359
1520 1852
1241 1185
899 117
771 1443
809 446
743 1104
1958 25
1427 1004
1805 1871
998 783
310 1145
57 1349
588 471
55 1275
273 559
873 1809
1892 391
262 196
905 566
57 1407
18 1263
199 1128
1887 1527
575 1802
903 101
1872 1328
670 322
608 1115
884 1973
587 929
506 534
1495 1971
732 1412
96 1521
107 26
1499 1655
1236 267
1961 1138
1085 1149
55 525
1421 1696
1211 889
62 317
1420 595
761 397
271 1846
860 158
1595 1566
75 1048
703 1756
915 274
245 313
951 1957
1695 322
239 1410
932 1030
1058 557
1721 1056
420 411
424 1486
1177 862
1676 1057
801 291
48 1036
1818 221
156 794
856 156
1020 336
1635 1971
1772 1361
702 1760
240 1801
1434 1253
1620 1430
1453 1535
69 626
1777 1181
1594 993
775 138
1601 316
1084 1968
1258 304
940 1445
1471 1894
1284 1617
1923 843
923 896
927 1419
1439 407
1191 1620
397 1088
266 1225
1292 1622
1164 128
1679 88
261 1350
21 1632
1356 1714
578 789
452 1203
1033 400
1664 1637
641 667
1219 921
1139 583
204 1529
222 1152
38 557
1816 705
24 221
1019 1254
1738 1228
1620 1451
1261 856
1503 1694
1544 1049
808 223
546 1439
526 1056
1300 1187
333 905
1687 1247
864 575
1741 1814
147 282
919 1634
136 1394
1619 248
1586 1882
1079 680
1137 1061
1664 1263
1973 1936
1389 925
1033 403
881 792
1258 973
563 1314
451 41
935 1645
527 368
959 217
672 1497
656 952
1554 1390
308 1403
434 1423
954 1017
1481 1502
925 41
1537 1370
238 1123
996 88
1707 1362
1187 1509
916 1960
439 482
612 754
1328 1401
309 1275
1943 51
294 1910
1640 1897
1437 297
193 867
828 1329
861 937
1706 1818
312 316
840 124
234 1562
3 957
1003 1336
274 353
299 1089
475 540
1830 1264
1566 1698
114 1644
1480 428
1400 1859
1390 941
107 571
521 900
25 75
1240 291
1557 232
586 1416
1933 1890
497 7
1398 1298
380 1987
1266 460
484 741
1286 524
900 1552
1278 1058
296 695
709 1579
1803 548
1451 1323
1992 434
336 340
1277 1143
27 1808
808 93
426 1918
1622 330
1434 1264
1461 1793
1682 46
1162 568
265 349
457 38
785 195
291 976
1222 1745
1591 47
908 393
1623 1244
1134 221
172 1061
95 319
459 586
633 1802
857 155
1312 1822
1381 322
1450 1206
518 625
530 941
1404 95
1414 1133
1176 1330
828 1950
1383 414
1729 1675
443 416
1945 1462
326 444
863 684
1051 924
1112 1266
1769 240
955 1438
9 1997
1382 1599
1395 5
1768 1843
744 649
1425 1439
1682 1092
1355 1231
121 783
1894 838
1608 1882
1983 1715
1071 845
1687 1007
1807 1217
244 1209
1777 731
1694 1637
1480 1170
233 28
836 1518
1228 118
438 1133
654 729
1134 1270
1236 1537
1242 915
564 805
965 1901
1233 1464
1582 402
1969 1636
269 1527
968 1755
920 1051
1387 842
1913 753
1778 104
1421 549
1358 166
1190 1266
933 317
1865 1963
504 1158
1725 1329
1599 1797
929 485
1532 1045
542 62
1860 1387
1700 78
709 468
558 857
762 1231
1993 1925
1255 48
160 1191
298 667
1038 1232
1899 1904
1306 100
626 978
1267 83
702 1779
1193 523
464 848
1652 774
414 92
882 956
1096 1036
697 1462
626 1517
1692 1553
280 1066
910 1324
1355 573
602 383
146 1632
1855 1713
1178 1211
904 211
553 1284
802 1242
953 1156
1002 490
1125 1246
1691 231
301 286
630 860
1388 1694
1598 1717
1216 1575
843 1242
549 1997
941 39
665 1829
1699 1342
221 1513
299 500
1968 566
1953 1267
131 361
240 276
1838 962
1999 717
964 955
1218 852
226 850
1236 1440
226 1749
1041 685
161 17
379 310
1976 1509
1997 994
1086 665
1012 971
50 310
420 324
1520 418
1176 1490
133 1715
1712 477
439 1248
1287 1849
1683 1223
627 1135
1309 39
1793 1203
1594 1555
1410 1803
828 7
970 1860
73 299
1852 1646
1082 471
817 238
66 1748
260 888
1729 444
379 1519
1095 553
1389 1088
692 1274
270 1808
1840 1962
1416 1435
154 1441
1129 396
1296 1912
1797 1028
1628 12
1604 1173
422 751
1577 217
560 1976
1154 598
1721 1651
1175 625
1033 74
1416 66
1063 736
774 389
1316 1752
1869 1392
942 1179
6 925
379 1157
1101 1362
609 235
1150 985
1916 827
838 387
1500 917
624 1379
369 899
710 1817
290 318
190 177
1542 293
1938 286
1600 55
446 1943
1839 1581
462 698
705 45
1837 531
1432 1270
1831 1852
92 1121
568 1720
846 1379
421 1717
70 489
1294 789
475 1117
1831 802
1058 971
262 1269
1562 1440
1441 1400
945 408
377 387
609 508
982 1373
1616 403
80 451
352 1419
1627 1708
1982 1367
475 830
1242 1044
1544 1443
1898 483
523 862
687 920
572 775
395 1577
1377 745
943 808
876 853
1636 1332
1792 1887
1064 1809
33 1869
1856 49
10 1872
892 1753
1336 1758
980 928
1262 888
492 363
1489 303
514 116
384 1444
1537 1658
1449 1587
1 328
1779 1833
239 1074
1351 752
483 1298
1382 1901
1255 1191
1378 651
285 738
162 1781
1050 110
852 1099
1325 338
1682 618
1535 1335
461 1608
655 124
1542 796
1171 659
1178 590
207 1180
694 1850
816 189
1153 853
705 1236
392 751
610 112
1762 694
645 931
1048 968
1125 366
341 896
125 1693
450 903
782 1908
762 310
488 1447
1303 423
137 955
638 1026
1291 956
319 637
1462 1389
68 1346
1901 688
450 1769
1869 259
1486 1019
1145 205
1366 1690
1066 1414
1962 1787
385 1787
1184 1545
653 55
1372 122
1786 798
80 1839
861 120
1681 51
1390 1488
220 1329
634 151
885 1754
954 145
1574 1639
1100 1736
412 682
524 520
1813 811
199 1680
1765 245
1716 1915
678 1362
1230 135
1277 1962
393 15
538 61
335 37
301 54
1717 228
941 145
808 1672
415 1080
1830 1280
276 805
1019 1242
1213 426
647 1534
1417 1151
1802 1744
926 1555
1226 1191
1853 1879
1701 1609
399 1889
1730 1905
901 146
290 1743
1817 1303
417 543
1127 227
415 487
1477 442
899 479
744 1682
113 324
43 636
1760 1928
667 1654
84 293
972 10
1367 1586
1454 1731
1584 799
1958 162
1288 574
437 63
1301 420
1222 618
1126 1590
864 619
1534 290
1124 600
1849 1507
1518 1030
1649 759
1057 539
866 1566
81 671
1540 86
1954 182
1380 1487
336 980
1471 1253
1690 1059
1079 1504
1825 554
351 104
1076 206
1391 1150
1065 1041
1941 1014
1162 1509
590 978
1476 251
110 941
242 1375
805 1213
1060 1325
680 478
906 491
1661 1446
606 504
1035 16
1687 233
938 355
1846 1591
1288 1619
76 656
401 1320
1744 959
186 369
1716 1483
1270 751
34 1786
24 1529
1318 418
922 454
900 369
1023 805
1358 1579
1437 1332
1284 632
1164 1140
88 90
1486 1551
772 802
777 1336
162 1544
1731 1171
1598 619
207 316
1559 1029
1107 1571
1201 385
514 785
15 1859
1957 348
1995 861
499 683
301 506
725 786
323 1165
570 1237
1375 104
1368 1893
1569 1621
0 1518
1109 260
1326 1432
501 1957
343 876
1388 662
736 932
1204 853
1673 1588
1340 41
1853 152
439 1287
1687 1786
800 1959
539 974
503 157
1880 573
961 916
675 1749
1990 1744
1894 1943
1676 1162
587 1995
517 613
1570 914
1890 82
1911 1287
1097 1252
1642 1553
1366 980
1201 1069
1748 1711
1378 895
154 865
1066 1515
1731 1126
1941 256
571 169
180 62
475 1550
254 869
622 813
611 1007
1712 991
218 1363
704 869
1704 705
747 351
1760 49
437 1068
907 587
1258 397
1339 1766
1439 1330
708 129
456 122
851 1689
1641 1826
984 596
1406 451
1744 1011
2 275
131 1006
7 1661
404 221
347 1898
244 1832
1379 1167
1370 1777
1267 1443
1477 357
704 807
141 315
1558 819
681 1480
816 65
581 1558
939 402
1940 1950
648 324
508 153
257 1668
1022 1649
1195 859
132 1036
805 294
1245 877
1394 206
831 27
1766 1639
572 1492
622 1653
1735 17
1621 950
84 454
1071 1994
555 1314
1515 1328
1549 653
1463 336
598 411
390 1524
1136 859
1246 947
628 1146
768 282
1525 1698
194 1412
1410 647
352 1802
997 734
1783 669
836 1315
1005 1430
513 978
1118 633
1626 1971
245 1095
1922 710
393 1011
252 209
1722 1623
1165 857
225 1690
784 1444
1090 892
1708 1333
732 192
1028 727
417 711
1065 738
1744 1303
341 1074
575 342
1110 1173
1158 1252
1470 1475
418 1183
1089 553
795 1761
1521 1359
1385 1611
1855 33
180 1257
35 232
45 1013
717 321
91 870
1457 664
1755 288
1331 46
929 920
153 718
98 1721
793 1128
1183 580
1901 1569
650 1079
880 776
1714 900
285 855
895 1363
1576 853
1360 1327
645 1588
1998 1284
196 1453
878 832
727 1718
1336 689
657 1292
855 943
1864 327
1558 1085
28 1598
656 624
1256 1632
1497 840
381 729
1845 89
377 1876
1048 1764
170 1339
1270 159
101 154
100 558
1502 42
1941 1023
1460 146
233 1717
192 1880
1973 1872
291 642
1302 1288
558 1794
91 180
877 855
1877 1370
1758 117
258 80
921 431
775 1167
38 1876
1043 1345
278 1805
1301 1034
535 462
1571 1645
608 1719
1070 876
1885 110
331 1763
1029 530
153 61
16 134
53 956
237 1726
727 1416
918 1196
359 1116
1977 269
931 1218
586 1322
1786 1173
56 1924
951 1463
75 1352
1222 187
1126 910
509 1260
1176 530
1380 1861
1365 492
1570 1170
357 1897
1241 880
1017 786
1514 733
990 12
1108 390
160 491
1358 1976
1425 1081
1769 35
419 1528
909 252
937 689
1674 615
1708 1653
1633 906
40 1502
170 1416
1069 1583
706 529
1784 94
794 1191
1961 1539
354 150
672 1714
1911 607
1096 801
968 16
1182 1608
7 952
274 1465
739 247
310 806
7 1819
1331 362
1924 1397
1820 1094
523 943
1870 670
1238 1321
1775 1370
1718 761
228 328
1104 949
1806 1289
1782 1800
1646 1877
1060 1428
440 1230
1937 935
672 1308
1143 321
1872 1010
1600 570
902 1331
127 1115
682 1547
1407 1205
532 1068
161 149
875 865
664 1304
422 1851
905 1211
220 992
428 962
1192 835
1007 323
1199 1595
680 70
669 1876
1947 696
413 1640
1481 839
398 770
1194 1132
1893 146
435 1375
875 754
175 1513
1908 947
1249 1041
75 1815
1501 1126
589 1385
1111 520
1444 180
901 372
1525 214
743 1842
1045 727
1350 391
49 1297
1798 553
1658 338
261 1299
1238 205
1212 86
1721 230
994 1617
287 711
46 79
1752 1218
1250 491
83 242
1711 559
1873 912
1688 1337
1168 1234
1911 492
1416 297
1540 136
1080 23
409 859
687 595
645 1898
933 960
49 1322
22 1173
802 842
1036 846
132 127
1843 1152
1939 1822
961 80
1440 79
948 802
949 1439
1318 321
1890 1994
358 322
1325 1686
1267 157
1349 1140
1543 1363
64 383
1622 604
604 1975
1061 852
184 1679
1444 656
378 1813
1323 1726
278 956
1406 1998
1798 925
19 965
746 1678
1794 325
706 1464
1337 705
458 1386
1195 301
1750 266
271 381
826 1571
19 1905
570 1
1251 119
1791 217
1064 1021
1593 1299
1753 34
1445 1458
1436 129
585 1995
1300 366
1266 707
1160 1191
631 1083
240 708
1463 1611
1287 1637
1457 945
1162 1867
1971 717
522 1840
510 1323
607 97
922 1874
171 1583
1790 630
882 853
1008 43
300 595
915 1389
583 230
1867 923
1702 440
1089 1655
721 1177
828 1575
1275 1994
1459 1760
340 1821
962 1194
1431 1803
1986 905
574 1917
345 1983
1645 787
1352 62
1014 677
532 695
1704 1981
574 452
1073 1009
1154 1642
10 1049
1770 1091
1474 1934
1563 1827
1262 865
1323 220
857 264
1409 1120
1874 639
1490 167
142 645
23 1254
173 29
1405 672
1020 326
907 995
1077 1976
1955 1432
778 1999
104 1729
1777 1471
1692 1568
1932 32
1478 1029
1940 543
1362 1567
473 1984
1396 1411
1028 1569
157 1137
492 1386
971 1661
480 510
602 135
1910 177
862 562
1533 412
1001 796
215 1573
255 695
400 744
409 1474
921 1051
790 921
1206 709
1172 1603
1025 392
636 653
28 450
1248 699
1959 215
573 583
66 1410
1518 1815
247 1894
393 797
1909 917
1360 1452
7 309
1724 152
468 1724
562 1205
859 168
1050 236
863 10
799 887
1810 1998
1063 1216
1730 665
486 103
46 943
1245 1777
165 622
27 1263
925 80
402 263
639 1608
549 1671
1877 1621
760 244
421 1727
1889 590
458 366
1662 115
1602 656
1371 1863
751 1211
1987 48
188 1742
240 580
984 353
1799 1713
1622 713
990 221
965 1097
449 431
222 1807
1978 392
1567 1764
190 1552
252 1702
1684 1134
1938 1791
1025 1475
25 403
579 1621
1387 449
621 586
390 1368
641 1319
1594 630
68 383
1328 1218
1851 1845
859 1547
1226 301
1002 373
1628 1709
1030 267
672 712
1163 1662
306 469
202 1837
1216 1668
1776 32
269 34
1720 1942
1251 112
1018 1012
1861 30
1077 65
1742 1843
378 200
962 1154
799 1698
711 1247
74 1565
1556 1521
158 1356
1811 1892
1149 1276
592 1293
1554 1076
872 584
27 445
446 595
750 23
65 752
834 639
1017 1500
421 115
369 1441
1246 963
617 529
1263 814
1708 1907
1038 1078
925 1261
137 1718
337 1024
9 181
698 1857
295 920
659 449
1397 691
269 407
1358 1044
716 61
504 1078
1346 1495
1386 1805
494 835
1030 1761
371 68
1083 218
1642 1921
923 148
1523 672
147 1182
572 1091
745 1440
1704 1796
861 1478
244 216
629 388
1876 584
882 692
314 780
1425 1351
977 1902
22 1800
823 1942
82 415
1533 533
759 1957
1550 1120
1596 1321
725 1644
479 1265
890 651
1314 758
54 984
1887 1255
983 1389
1869 1865
812 1212
1518 501
1883 749
871 1313
1387 1390
1751 180
465 865
1756 1730
122 1521
131 1634
979 1246
1660 93
1062 198
406 45
1453 225
449 439
1001 1961
1899 1629
374 432
989 739
956 697
1504 1282
1059 1973
1554 524
718 149
667 0
816 652
317 997
1483 36
841 561
1991 604
1083 1696
1577 965
339 1044
1221 846
237 1165
354 627
435 412
1290 1474
47 763
1349 1742
252 39
1822 1196
258 617
1877 1223
427 1141
1610 1043
1242 81
792 650
421 846
980 278
832 634
607 1803
369 1835
1715 1557
447 391
1725 1098
58 1112
1734 1431
176 1976
348 750
539 435
187 1959
334 1311
1678 847
1628 1596
1594 540
303 846
1525 380
818 473
1900 1415
1213 1730
1294 1173
54 507
52 1333
554 1213
1721 670
812 65
1323 1287
670 446
514 1177
543 1121
1926 1512
1301 1784
522 1399
367 591
1507 685
538 565
1331 1976
1553 133
155 1927
391 1597
1449 598
40 1535
1276 1036
878 1571
972 1449
815 944
987 186
1013 546
1865 1734
330 281
1695 1051
1123 1868
1316 1390
211 622
945 1903
763 252
182 822
1097 384
852 1930
1635 850
96 230
1200 1661
891 1157
5 1849
464 1355
202 1790
351 1193
1358 726
218 626
1551 45
741 281
506 1817
745 1238
206 1009
1864 304
1599 1742
1747 1760
1108 463
26 294
1148 1685
215 369
794 1313
1538 1410
751 1791
1600 226
888 1567
160 297
1737 541
314 865
1248 505
337 653
515 638
643 976
165 1305
1104 392
8 955
257 1807
1023 93
576 724
69 1306
848 1941
985 1663
1548 791
146 728
833 669
1893 1302
562 1477
647 1514
1020 110
727 379
241 1106
159 870
1047 222
1148 205
1863 1719
679 546
1908 970
256 1162
1174 633
1844 935
658 1639
287 511
696 1338
1326 368
302 1857
349 707
756 23
69 204
289 1340
903 1889
624 1655
955 634
1834 601
473 1502
679 341
1198 158
1303 519
1695 364
1856 1487
1320 932
1222 1186
1851 1047
1823 1701
911 1587
1696 1211
1023 1859
1467 878
1918 1169
600 257
852 40
1057 1558
1099 190
355 1823
712 1973
319 66
1907 176
1685 1383
694 567
610 8
799 351
91 159
1845 1914
1186 1559
983 1526
1558 614
1513 215
85 1844
125 1881
935 1878
971 1548
1043 576
729 150
318 49
1162 1041
19 121
1944 232
362 1665
807 1120
1676 530
1297 1673
1399 304
426 1720
893 1208
1954 1909
651 840
370 485
1611 848
1660 926
1385 660
1384 1444
27 1073
370 1197
1590 713
1112 1017
1123 604
833 1114
1524 1257
896 637
1290 1736
1370 1685
1463 947
344 684
1499 387
691 254
1367 337
1772 970
295 47
1924 1513
1090 966
0 1702
1455 1690
1795 1832
1958 1222
1759 324
1201 239
566 602
896 587
373 1492
1315 1954
920 1914
1487 706
741 1519
1280 1364
142 1069
1154 803
512 1809
494 777
1835 665
626 132
632 1804
797 1627
474 655
1575 237
105 1547
415 1002
32 1134
93 987
313 458
1541 532
941 378
698 1688
439 1631
96 1720
18 1380
1432 1738
1769 379
893 642
1696 1121
1950 719
1140 1806
356 1383
1821 359
1458 1482
1350 844
837 307
1223 278
521 590
1899 1632
1080 42
1305 184
859 1559
1649 1112
1623 1582
502 799
855 1581
1263 861
1033 1293
24 123
1128 626
1251 384
1210 1459
1339 1554
1429 655
101 1328
1996 1279
900 1305
1258 1092
1801 538
1145 1982
936 1084
1196 959
670 1019
537 335
1286 1634
774 632
1281 1988
859 1735
160 838
546 963
777 1535
1929 417
458 1149
1886 1437
366 760
500 844
135 1808
343 739
987 24
1778 845
491 794
1254 354
1199 1458
928 1266
291 562
1868 1106
900 439
792 809
1149 486
268 1806
853 423
170 1041
544 1180
4 1975
178 295
493 1115
1499 591
1979 499
1107 3
1885 1722
1465 1380
983 400
1708 1584
695 1127
906 363
1792 921
1869 1505
353 7
365 1115
1627 837
1342 862
928 491
1831 28
951 1493
412 284
1594 1777
1564 73
1430 167
959 525
709 1108
959 563
1201 1299
942 1380
855 1720
1065 425
769 96
222 518
414 1119
844 835
1718 1866
1143 968
984 1965
1503 595
1968 518
1726 481
364 1890
623 1023
1933 938
562 660
1579 633
1391 337
1154 1248
1038 157
1498 330
674 1933
1974 1431
722 325
1591 1753
1998 1877
494 962
1549 1128
1426 474
251 1548
1261 446
593 1307
1084 1482
551 1717
243 801
880 911
1434 140
601 1987
18 679
1772 947
1734 549
3000
351 1005
337 1400
1885 384
1608 1100
270 616
1148 1497
997 1648
16 1838
382 60
784 550
780 593
1774 1023
40 1791
1700 29
1106 1673
22 1797
1284 1659
1259 1868
59 676
1351 458
15 620
455 1516
1116 1317
690 1304
1408 1687
1440 1009
1127 1675
1295 1958
1313 937
776 487
1628 1739
1907 645
192 1664
1345 1742
1368 1632
1790 291
1487 216
534 1643
444 1574
844 1732
896 677
666 203
1640 22
1838 1364
1833 801
161 1405
1847 489
448 223
1440 600
1897 927
429 289
1298 226
635 405
1257 889
655 291
1262 1705
1314 188
1022 533
328 506
24 983
881 983
1942 1168
47 1445
799 129
1909 1059
863 383
1981 1629
1379 20
1551 1289
1941 1133
361 771
510 1576
1975 1718
990 560
1573 1380
1125 1101
159 797
89 1070
672 1632
396 1238
882 1446
1765 987
1782 82
1670 1204
871 928
1277 1826
537 1226
1178 1579
885 1163
764 1633
1439 195
550 1807
515 513
1698 1437
1873 1304
651 1155
1120 435
1390 595
1734 136
198 1134
136 173
1562 934
209 1195
994 1267
1754 1802
1845 700
1748 92
1986 1835
1247 1989
1445 1431
1872 1409
1417 602
718 932
1772 1975
119 257
655 1651
414 998
1248 119
713 1116
1880 1755
1193 636
1226 1796
729 522
1342 66
136 857
762 339
237 1943
1874 1972
1297 1446
1066 483
593 25
348 469
1803 1925
1874 1422
1162 1809
1205 1261
158 1436
1143 1797
853 1238
46 1918
1624 679
587 126
236 16
1833 715
38 1172
968 1603
137 415
1666 840
1289 981
70 1249
1302 536
1888 673
752 1356
840 1818
1613 1996
27 1889
1905 345
1538 1081
1334 1229
180 554
985 643
173 1302
1724 1475
1716 1974
1829 865
1707 1634
608 337
1729 286
1399 28
556 604
1906 1255
22 1603
1852 382
249 1001
729 1380
1321 1941
1820 1330
1791 1127
694 228
663 713
726 521
745 1719
168 1449
1169 264
1155 1692
182 1804
356 283
1662 384
339 1474
954 799
122 604
545 1388
1134 353
1199 258
1085 1006
1254 450
1631 182
705 1284
659 1728
469 1939
1095 660
1230 23
572 596
1379 67
977 500
1639 1261
942 441
75 90
1992 378
102 1149
1204 1793
1045 1271
1852 569
1114 463
817 138
710 445
1832 974
1255 1195
1640 490
300 1827
1704 1412
1780 668
1368 1817
1347 204
1442 1722
1991 1983
925 1473
1484 1143
1483 1032
762 1818
80 1606
461 368
1035 149
684 1625
1831 1098
658 1395
1738 277
1964 607
1014 1664
242 1423
16 1989
1139 844
458 946
1291 321
1856 500
55 1643
1862 1080
522 1950
597 1536
1071 692
2 1042
780 378
276 636
310 1662
1163 1194
1934 953
1730 307
1326 1796
1484 239
494 78
60 1864
432 202
195 623
1276 353
612 1575
1935 931
1369 609
1194 234
905 1671
1617 99
1078 1102
1289 451
223 1059
934 921
238 1131
1919 120
1055 319
80 1548
786 1118
677 369
777 1893
37 1708
1772 1548
1591 82
197 1438
723 1206
927 1970
267 815
1768 1271
1325 132
1739 1470
1619 1421
130 1620
675 1636
721 1497
388 1400
1937 1968
419 1407
642 186
769 1277
1182 1520
1374 387
903 1163
277 1725
802 1413
767 1173
786 735
1798 1469
796 548
1523 1944
1900 1033
1293 28
577 296
1295 1939
146 1880
319 1931
87 603
1506 841
1030 1090
1252 49
723 1263
307 473
1191 151
1827 100
1679 1480
1585 1659
1918 742
608 1124
1058 219
135 494
687 894
443 426
526 552
1276 339
494 767
1445 181
1259 985
1464 669
1780 230
717 732
1418 1048
550 611
1960 326
789 428
1898 996
718 213
1358 1647
1958 936
650 1765
310 1078
1950 744
963 1076
530 282
1123 90
841 596
1729 435
503 1024
1286 363
530 1076
1487 624
878 1010
1623 1845
1417 1571
396 1571
1655 79
716 973
473 6
1196 220
1580 1624
1551 743
982 223
886 943
662 282
1709 75
155 1574
1190 721
742 1808
1419 515
691 640
479 1035
176 1177
1677 1633
1720 1628
772 1845
1431 1617
1654 236
901 1644
1078 417
618 1251
117 1428
663 1848
162 441
648 1622
1812 1636
1644 1980
893 1437
517 1775
93 1262
32 1201
672 1650
1087 1587
61 408
806 729
1655 867
1811 703
1519 188
600 621
1749 165
1516 1256
1432 1065
555 290
1287 567
516 1285
376 1211
1538 602
389 1729
1755 1947
1420 1071
1831 16
1131 419
737 927
1287 954
698 327
1058 1712
546 968
1583 799
804 680
764 3
1071 1892
765 981
213 999
1323 1089
1743 1138
1315 512
1883 311
272 1760
1229 1266
251 1798
1112 397
1058 1293
1942 1858
1513 204
533 105
1153 1668
310 25
1611 120
253 1595
1639 103
142 898
877 663
595 375
432 1887
1791 1801
1037 377
738 1302
802 654
161 1050
700 1886
1740 1973
989 1321
1734 352
668 1080
437 354
1711 1930
363 1733
1279 474
1757 1423
153 1744
774 1874
774 958
1695 970
1889 99
1927 1305
249 293
1414 957
1090 1697
1875 1466
1735 1214
1457 666
388 1444
180 1947
1505 1696
1932 1842
1159 1931
1211 761
1986 836
1862 1921
1117 707
1125 1194
1505 91
71 238
472 1589
1518 267
896 1126
697 586
650 1822
245 1492
1493 79
249 680
925 1463
1836 319
1838 759
1298 45
330 131
1107 1648
1571 457
61 433
626 1493
1740 86
748 1444
1822 1674
631 937
304 713
1136 1061
725 1671
1107 622
462 1127
353 228
1613 870
1975 1802
750 1686
888 245
1773 715
736 1156
1681 614
189 1811
1861 1740
1631 1437
744 1787
34 581
783 1317
1981 463
1538 600
1590 1681
356 1950
1245 1209
801 483
1386 1606
1457 438
352 926
569 398
281 125
816 1870
770 1295
415 601
954 1882
500 1110
391 898
691 1476
1059 843
997 754
1613 326
939 1818
1995 636
1420 649
1694 993
1070 1529
445 478
1856 429
741 1143
578 1290
1781 873
3 1655
74 1004
1882 80
1447 15
794 612
1285 730
615 1397
1303 21
1971 620
849 299
1231 1081
1499 560
665 1379
513 417
1197 185
1020 888
1429 1352
468 1993
93 1610
1621 1930
1951 1880
1412 158
131 642
1742 1992
1078 1816
1020 1545
82 121
701 747
329 1269
1767 1636
1083 563
1286 403
393 1635
1672 982
1517 202
1108 51
1847 956
47 5
1000 1691
739 1807
234 1390
542 552
1567 196
510 330
404 701
987 97
24 826
1617 1966
1279 1335
1703 362
16 1364
1850 908
487 1341
532 217
546 1603
165 907
953 1155
104 676
276 1286
1465 1719
801 481
656 1505
1862 600
1273 1489
1043 959
1703 162
1815 23
539 612
858 75
1571 8
1212 1631
1322 275
1696 1581
1817 1784
859 1419
546 882
1484 1585
1057 1707
700 1144
792 225
1026 1885
369 563
1084 1826
475 537
590 681
936 1067
1772 173
1059 1457
926 1022
1425 1528
116 415
952 1644
1891 1053
1733 641
1509 370
1044 1686
846 649
1485 21
1353 371
1256 212
1098 1445
341 1093
1175 1459
334 134
1470 1607
1135 1650
570 440
257 1134
941 39
551 135
1784 711
703 1946
393 1017
1312 1839
1329 649
1633 131
486 530
146 489
919 1923
1151 1640
426 75
260 1328
1064 1751
717 395
1553 854
1880 653
1506 573
754 1020
1719 1882
197 1283
1500 291
1161 1586
1786 1114
1485 326
1261 963
416 1035
1139 660
1740 277
1826 264
1950 1994
1667 66
1005 908
540 682
919 1708
1824 1308
641 1011
1795 86
1954 1947
923 2
818 261
80 477
1519 1727
491 1503
980 1653
1169 1923
1862 1175
246 1133
1174 587
1350 1934
1072 492
1375 1762
828 1770
711 1283
172 1793
1470 1266
968 1220
1334 1288
902 1213
1152 1241
1220 680
367 1780
100 1457
368 965
731 1100
1497 869
440 10
16 1012
1993 684
1897 1428
570 512
634 1476
342 439
920 1628
118 823
612 1904
341 1083
1733 1786
1982 1080
1599 780
683 186
1062 972
657 366
1850 1103
1074 1905
607 633
729 64
642 1809
833 311
693 522
157 463
888 15
250 704
1799 1428
1267 264
785 1845
952 1784
1117 165
997 461
832 796
1350 1369
962 915
398 1476
485 489
62 1413
897 981
874 449
1781 316
1072 692
216 1202
1534 552
463 1377
1206 1551
1644 1795
891 1631
991 1408
1288 95
1285 731
869 347
304 948
1951 51
148 47
4 1922
872 1968
1483 1977
1905 1583
1995 667
1435 1234
399 830
68 230
1250 43
521 1194
739 1528
483 167
159 8
1130 804
535 105
1305 1876
54 1081
215 973
1651 537
994 403
270 1111
798 96
442 50
1748 389
840 1541
70 414
520 596
1648 1841
762 1300
288 1168
856 1964
528 1906
1585 903
1673 163
494 1023
285 1028
224 713
880 1201
1030 583
1071 1867
1118 1211
1641 89
1256 764
290 1905
1898 156
755 109
1658 749
649 135
97 752
11 214
1621 1051
1921 938
1714 1048
1065 1770
356 271
1579 802
1440 572
1288 1835
1060 272
1590 354
711 1615
470 1592
1187 128
1107 178
607 301
1365 306
1910 1938
1975 1288
217 682
630 922
1183 276
1036 1126
199 999
413 1562
20 429
683 29
1910 1419
1075 271
1913 1459
1698 1993
1724 110
937 599
926 466
1327 1809
580 1869
1884 1859
1821 466
1358 557
1687 664
139 498
922 435
630 1625
1533 1821
284 1608
726 1528
1609 877
1057 3
1687 421
873 596
1946 97
1292 676
1 856
1602 998
1029 1052
1626 1802
1209 1063
475 880
705 1795
1968 830
408 1092
152 1637
638 279
1432 13
0 1614
1169 1715
23 1751
68 1725
54 1130
269 1831
1234 1790
1106 807
1684 1948
835 369
1814 1487
908 1758
496 454
1714 792
1571 1109
1176 1633
238 678
1227 1383
1420 552
1559 649
326 73
1222 50
1658 543
1055 1435
1336 1282
1668 1226
708 1882
439 526
1494 1099
1983 716
1040 917
1210 443
1997 408
643 914
1400 961
547 325
936 1582
840 547
1344 1023
1116 1863
103 1186
1060 409
1100 1599
1331 1056
495 1630
688 212
274 187
439 443
1901 1986
1004 1725
1837 1758
1011 1285
1763 1406
1615 670
1563 507
655 174
1313 790
1563 1976
1847 1698
1328 894
1709 1303
911 1608
1682 974
1778 1442
1108 48
1886 230
1824 1198
1806 242
1481 900
1261 1143
1919 1610
87 710
1017 741
1884 528
1785 1613
1937 839
1959 1395
1709 232
1354 354
1295 1122
110 50
511 70
1912 537
1944 1640
1916 1833
473 587
1401 1786
828 1224
1902 738
770 1198
1270 260
1466 574
792 34
638 876
142 265
1242 262
830 708
1940 1184
670 1609
561 691
1165 1222
199 798
394 1323
1348 1790
1922 1701
569 850
815 776
1291 1251
1494 914
302 166
1498 109
1927 1435
1126 1869
1535 626
418 473
585 1766
440 1368
290 1476
1749 95
1165 1977
1822 481
1942 318
135 672
1209 674
863 1099
1044 273
1279 854
376 1312
836 310
1927 1076
1021 904
1368 1556
1046 878
1661 1720
477 352
1408 1292
409 1456
974 278
1722 1514
1784 895
79 1823
948 1238
658 223
34 253
1473 211
1546 486
816 124
1488 510
1136 975
1053 1739
48 559
1676 858
1654 1161
1489 1263
1431 1203
1613 279
1533 1640
1199 1924
1935 1575
1382 1841
1917 1811
1971 343
1601 438
102 817
1664 427
1716 1157
1460 30
1558 397
1980 1137
233 183
1989 288
694 803
1867 857
1071 1235
860 810
1507 1334
667 1284
1342 1341
728 969
1216 1536
231 848
200 1619
303 1420
1706 1297
1564 191
1940 1669
1127 711
1175 58
1518 863
765 98
1167 39
1192 405
93 1327
619 945
1392 1517
144 554
1756 1612
625 288
974 1794
599 974
494 830
302 917
276 526
1160 1433
1948 1753
117 1754
1802 1720
349 187
1951 1600
1526 1475
773 1140
1535 868
1229 272
1144 375
553 704
1272 1736
802 1838
1721 1317
1663 1861
724 113
1546 1373
1534 1991
701 491
1692 1543
547 796
1434 1152
857 313
1429 330
1969 1576
1157 1933
1883 1719
980 1695
1939 1404
792 1476
1078 1222
1585 833
398 1846
1669 1868
508 1137
1987 1063
1606 1666
185 1134
833 864
696 1863
245 1828
1779 1959
664 975
419 213
1045 846
1016 666
472 717
1005 535
1012 11
732 1960
663 1878
59 1340
1364 381
1354 109
1532 1048
444 108
1608 433
508 692
1386 943
646 787
1516 1488
150 1665
1942 1660
395 407
810 228
130 736
1021 107
555 259
422 1071
632 219
1392 1819
1238 283
1359 864
572 2
1492 1124
1268 1003
1201 1024
1198 79
1592 1839
1949 1021
540 670
130 1034
616 1368
1803 1098
233 773
1326 852
824 127
1476 1470
1081 941
107 156
542 1543
1608 1150
1601 1479
1271 750
328 1564
754 358
140 525
425 879
1684 1364
1388 1739
1991 1925
279 1810
1630 399
908 318
1142 23
1503 1784
1286 1757
1055 274
1007 393
666 364
1561 48
1589 843
1666 1928
285 68
1682 776
374 818
1851 764
985 211
134 304
1948 387
1546 390
1903 1026
697 1074
183 1901
1360 956
548 735
1442 748
477 1611
775 1135
198 898
1471 289
1419 1010
118 1925
1168 53
180 1215
1827 11
840 1900
1311 424
0 923
3 1507
509 1048
789 1078
1520 1918
1722 1646
499 1736
166 633
835 1779
869 721
1486 196
1466 422
1390 1020
1555 1212
937 301
1136 1776
839 1364
38 1149
1652 1618
304 34
1413 405
1334 254
792 1964
1076 301
1758 1798
1638 300
1028 20
1202 741
858 340
1342 1797
1936 240
650 995
640 194
216 1374
294 1119
1357 301
1356 421
938 1663
1141 584
488 27
1268 1747
1476 23
117 136
69 1464
189 1816
38 407
923 1933
225 1474
40 52
563 1241
1425 893
423 1127
1365 1472
595 1358
532 1489
1108 1247
1815 1025
1584 1448
559 355
1717 931
430 1503
746 1817
252 1964
1214 1180
1219 593
1041 542
1214 1021
1411 538
1269 856
123 666
1234 1716
706 1728
1400 53
1142 456
1583 1716
835 1631
847 1376
880 1295
89 1781
1410 707
1518 1073
1712 1861
1607 783
923 1267
974 1798
1429 46
1274 215
1892 1686
381 1682
202 1769
1035 704
1507 1072
517 1309
373 553
1902 1338
36 1554
214 1047
710 1486
589 238
870 1834
1012 1241
287 866
1048 786
1145 1925
1308 441
1210 342
504 775
155 1600
1032 1512
1822 760
1363 1285
593 770
759 918
1975 1006
1778 1266
1286 1399
514 1119
1369 1944
1043 82
8 263
719 825
834 1933
1895 213
530 978
1923 83
308 1027
1347 490
276 394
1174 495
1977 1545
1700 695
1944 132
374 793
37 785
1661 645
669 1017
22 620
1020 1836
995 1887
514 338
263 1150
1183 41
1443 232
609 856
1648 420
1008 1272
882 1054
378 1562
1675 810
434 1907
643 83
643 1392
1309 1355
1204 1768
978 1955
1074 1331
1898 745
497 1319
329 354
59 1853
701 416
1938 1438
730 1116
213 986
1914 1948
740 473
830 1436
982 1671
438 1839
794 1112
517 1388
1172 101
288 642
1121 441
816 715
560 782
1445 1730
1756 1624
1993 1147
898 292
1045 1764
519 1399
1153 93
1823 1444
1243 1852
570 393
949 801
1583 566
792 1019
1816 71
899 473
1414 1556
1182 317
226 1365
552 122
1793 382
1407 1310
92 1642
995 1121
369 806
342 942
954 1690
375 994
551 563
1802 162
767 552
1427 1172
393 578
952 1270
604 1066
1000 646
531 1337
509 443
1591 1619
535 1796
1645 550
1256 1188
1649 405
388 1115
120 852
236 800
552 179
1948 233
1098 943
653 81
1279 1923
101 1885
108 1078
269 1001
278 1604
324 503
751 1081
708 1842
869 1276
117 53
844 1508
948 1783
1894 890
1914 622
263 1186
1753 501
806 655
947 1804
1302 1901
1853 907
1496 505
1700 1675
1659 1660
1977 1188
1373 1247
858 1187
695 215
1866 174
1265 1698
480 1232
614 92
364 53
501 1519
1882 796
1597 90
180 168
131 1283
1057 760
1419 189
136 980
1840 1879
435 1689
401 770
961 689
1124 1010
1684 612
1963 1498
663 1529
1747 1379
1463 1108
121 110
425 313
1520 969
340 565
748 340
1592 1221
1805 1600
1382 1283
574 1356
1241 533
1592 1467
1305 927
1038 795
948 1360
1351 1371
1441 1399
1491 1397
554 1262
111 468
1121 761
273 1003
1055 632
1084 815
710 1221
1572 492
807 368
603 355
51 16
1726 989
270 1050
1035 1349
1291 311
797 1390
208 1934
1923 16
1979 427
1388 55
1395 935
1243 1097
888 1510
1700 214
1700 547
1969 440
918 1571
1138 1369
1148 660
1389 255
530 231
810 1026
1412 388
1734 221
1953 1865
1494 703
1055 671
483 1509
1903 1828
1882 676
1420 1669
332 1000
1862 591
1416 231
1745 1550
1234 1314
1243 1024
29 1584
1024 1845
584 1408
1171 511
1218 1428
1287 1031
1291 904
385 1431
1105 1180
1510 636
37 1586
51 1407
226 704
1283 1488
1610 1453
10 327
1555 334
889 762
369 793
1957 128
111 1942
1289 1896
52 160
1725 1017
487 1157
55 1980
1987 1912
216 1807
1621 774
1646 1724
798 522
940 756
1627 1618
1437 872
882 354
1578 1267
1002 1339
1024 761
715 1553
1099 1523
1805 248
1570 1283
57 581
280 286
367 1363
953 663
1848 1803
1254 727
112 475
92 1579
1483 1383
402 361
1369 885
1434 927
1410 1160
5 1693
1256 744
572 1741
468 1069
393 1640
764 815
1184 619
1699 492
455 1166
26 1317
1457 1401
418 33
1949 1603
1042 117
1916 1741
1454 885
1493 983
1974 737
395 965
688 1247
802 1200
431 179
777 1090
1475 1367
794 1971
1906 210
807 73
593 1667
1933 1877
352 1232
71 1205
1374 1858
1909 337
564 1737
946 1266
281 26
395 1138
513 368
945 1478
1198 293
891 1255
1645 1054
1108 963
1904 1295
843 725
1488 510
708 933
1464 490
877 1015
1780 835
1674 794
1507 1857
744 164
300 1489
1923 1530
917 147
386 772
1282 133
1825 1089
233 1203
48 464
1101 1155
1083 728
1655 1642
1946 948
239 1586
786 589
227 1611
1517 906
794 50
1612 947
405 1993
190 1251
1670 1883
877 367
1327 1248
1225 742
230 145
200 1854
437 146
1497 1584
1988 1813
1982 439
259 615
1163 1444
1516 106
596 1628
1126 1231
694 114
1572 488
1457 1622
1192 1887
555 485
1688 270
166 1809
595 1286
1167 741
1540 1831
1166 1123
411 1898
1142 1831
53 1959
179 248
1665 231
248 188
16 441
499 1970
1682 1164
297 1217
356 1977
1495 1613
1836 1961
1722 1108
169 809
1063 678
1542 1005
1722 1631
1305 1692
657 1283
1898 1852
1070 218
1108 648
887 1380
529 232
1057 1869
339 964
149 1954
559 147
608 184
441 953
1647 1293
1732 394
958 725
1637 1644
1008 384
1638 1396
959 1365
260 158
1731 828
705 1937
913 1999
1258 208
1494 293
1916 1310
1261 738
38 1169
1882 1174
1299 733
583 495
1918 980
433 1402
89 1306
815 368
832 1946
1764 975
249 741
1999 1551
1505 1006
1604 940
1325 1062
1696 1593
1455 998
24 1937
1360 1729
1304 1540
1529 319
1621 1518
1317 701
1093 1449
1479 1965
901 1902
1848 426
443 1241
1185 21
1604 1545
153 1205
462 248
1020 1347
1104 1291
399 1717
80 1952
1409 1462
1666 637
873 1220
424 1683
1188 1734
516 814
937 1112
1884 673
347 1628
556 1324
1960 755
1165 1071
711 64
6 1466
185 1661
1777 1566
1680 1178
975 1994
846 141
1395 1299
1136 711
1505 425
1108 59
685 1594
94 1185
883 540
287 1840
440 1162
405 1499
451 1752
1148 553
484 1109
896 994
1798 1555
1696 9
212 967
702 1204
565 664
815 1932
134 233
1358 1930
718 843
416 902
1376 689
371 1741
1314 13
992 1917
167 1590
350 507
698 1048
97 189
789 223
637 1948
258 253
146 1387
1661 1400
518 959
1113 1201
965 1030
300 1616
1611 964
1879 1951
328 1360
1015 730
642 993
309 1948
1671 938
1702 432
612 1083
1739 656
172 419
1078 570
250 666
1804 984
1964 1975
1529 291
565 482
484 1349
1113 1269
1096 1059
1231 1636
362 1659
507 240
350 1581
1948 1711
1486 1377
1833 432
1251 948
680 417
943 1915
1038 123
1263 1099
1070 580
1170 1025
1043 470
271 1132
1436 848
1589 1073
827 818
673 717
465 1381
616 932
262 813
185 957
1587 1408
1354 815
1655 790
1871 1942
206 1792
1057 465
719 51
1430 1894
1495 1891
820 1883
1445 243
481 1097
1930 1455
1064 1282
302 454
1474 1746
670 778
1711 343
1515 214
43 892
1521 1006
489 729
472 647
1665 95
134 533
1345 980
1794 163
1042 1870
640 627
403 792
1843 1556
37 1783
655 1034
511 1112
1188 1769
948 568
1999 1508
1292 1899
949 1903
753 425
1858 1282
1615 1491
599 1677
894 972
52 1269
737 1715
406 1670
493 1764
1175 612
1862 1578
81 1340
27 519
537 1838
1684 1617
2 1879
1763 4
115 396
1677 1984
601 1901
1745 115
1202 263
724 1619
1418 1026
1096 1489
1529 1088
1830 1899
755 1045
1019 1076
1795 1233
1745 1585
333 307
1302 1517
892 220
1131 104
232 1661
1257 443
1083 1094
1429 293
1987 543
468 1105
1117 1869
233 1033
880 1103
950 951
125 141
90 436
963 753
1263 383
1510 380
76 1040
399 1662
1052 498
161 906
1703 1147
903 1215
1676 604
1669 85
506 880
1097 1569
518 927
1690 87
153 1804
677 254
1651 490
618 1456
1699 1057
407 1275
195 269
339 1984
1207 622
1286 1595
21 862
1636 1485
1486 440
1999 1685
1904 828
102 1859
1625 750
1383 114
1558 1324
218 1284
322 1795
1779 245
1001 344
1624 1792
351 583
1395 970
1429 650
1731 1932
480 1346
1828 1009
150 41
604 1628
681 1077
910 894
1883 673
477 370
1679 1309
1565 261
426 945
239 24
801 1240
120 1918
880 1840
615 1018
1350 714
697 927
1793 1738
549 595
1913 50
1578 1487
915 1744
1087 968
936 1824
1856 276
1848 1870
1049 1184
1701 1675
1332 635
828 1192
390 1311
403 430
869 204
922 546
1127 1526
1917 1398
1022 853
421 1341
860 626
85 1703
1005 626
217 390
1362 1939
491 638
1197 258
688 1313
1 1037
548 1138
1168 1765
1545 1433
399 1788
1574 697
407 1782
501 1939
931 1930
1079 1931
302 1897
812 993
1164 610
1133 1993
311 1799
40 29
22 1631
1311 1015
1929 1328
348 1919
256 374
1987 135
1392 1737
4 1456
1732 849
1014 1089
54 539
61 1466
1879 1284
86 922
1468 777
858 29
1308 529
1958 755
388 584
1195 1110
195 988
1327 1570
1980 722
1728 1109
1399 212
1506 1699
937 44
999 777
1904 252
604 434
432 1010
1192 1173
962 757
1899 1426
768 1618
1082 882
192 1234
660 1896
925 1021
1289 1151
768 1974
204 907
745 128
541 727
770 1608
1892 1030
145 151
1869 1263
867 708
665 360
577 1443
21 389
1825 1107
709 729
1748 1646
387 372
696 856
1852 521
910 349
1324 751
131 1283
515 1631
464 1329
710 597
356 1411
965 495
1250 1492
216 344
1812 1723
992 483
1145 1482
941 1977
1658 1340
125 1467
1986 565
374 1119
760 1763
1865 383
336 917
1466 1072
1259 1023
1174 1860
1767 1195
839 384
1239 990
1903 1835
425 260
265 1641
207 166
503 1586
1918 1652
55 513
1411 1575
543 800
1605 868
1595 401
671 1131
1405 1160
621 427
194 340
1946 1104
418 234
1535 260
1764 449
794 1830
506 675
1691 350
193 1244
397 1275
104 1588
280 1354
1710 1109
1291 1299
527 1006
1490 695
222 634
202 15
1292 1764
490 1439
1251 367
149 1982
1320 441
1388 1405
1784 305
1242 1559
1091 1170
1707 1498
402 667
1036 306
164 244
807 1150
23 1119
469 1957
1947 332
321 1538
173 1811
1772 647
1438 582
335 435
1732 610
937 37
289 812
26 814
174 279
1748 1148
342 1501
1417 1268
1241 551
1044 1190
1656 1493
809 224
1797 1891
174 435
1121 1513
711 200
41 187
188 1573
1243 1420
1547 692
229 187
1682 1609
227 73
922 103
554 1960
1738 294
594 1908
1336 361
1296 1283
1515 1033
953 1440
1961 1457
824 729
64 732
1015 657
422 1931
221 1775
1081 1228
926 1194
1315 246
1653 551
1821 574
181 253
1289 1013
297 407
797 1095
1694 1243
442 58
750 1279
382 950
1945 1302
1629 976
684 203
1823 1261
1705 82
282 363
191 977
527 1259
76 730
1140 68
1810 279
448 526
224 395
449 821
827 1216
832 1694
268 29
1070 1225
523 233
1608 1272
1284 403
907 1135
1334 1726
1658 883
1933 1838
296 1238
1589 568
1172 1040
1908 649
1680 1960
1836 607
901 815
1034 913
1195 635
1280 1398
597 1207
382 1536
1846 488
474 737
317 1299
1359 105
1375 983
1301 1471
166 1142
186 624
608 1790
750 1635
629 1834
1611 13
1009 1703
856 1036
1645 1314
597 991
584 1900
689 1064
1604 1809
1990 1089
1023 1292
1257 1738
1672 839
398 1935
873 573
123 20
1740 1725
104 446
1034 1948
1977 535
1213 740
1955 1444
1444 1376
801 1870
1855 93
1082 4
1391 1011
19 456
1803 1782
1089 591
1268 503
78 997
630 667
1961 1529
1840 439
1308 581
1080 883
508 1589
376 90
1343 1747
105 1669
103 456
1389 1602
43 926
117 570
1953 1652
411 1968
762 939
1517 1760
492 1545
266 39
1802 264
243 1765
1729 585
694 1966
187 1379
1206 1234
903 1724
44 440
475 1965
362 1767
1227 911
1951 1522
553 138
1148 35
559 1431
1131 506
847 1334
585 1397
422 1962
1328 93
1858 391
1170 1378
1159 173
821 1771
1648 525
108 739
788 801
1742 443
509 697
80 1428
989 110
774 1872
794 1123
97 1901
1176 777
575 1750
118 722
1390 1538
216 107
1423 1247
1807 879
1835 1747
553 612
1803 697
277 1509
482 808
1950 1357
1851 791
1171 1715
1650 1988
1850 661
488 1770
992 1744
445 1032
919 993
443 763
932 254
771 996
1986 502
1921 1066
1647 394
444 823
685 1877
526 1152
985 1581
1824 882
507 1261
1877 266
1373 646
1964 509
628 1227
688 1810
273 1090
1384 1336
1606 267
1432 1254
256 1869
1158 135
1769 1056
1587 1934
756 1974
1660 1247
1889 81
1533 1242
1407 278
737 1822
1940 260
226 946
1002 1188
206 471
422 828
1626 1111
1801 1292
1010 1126
347 171
1162 948
999 1415
1731 1076
99 170
109 874
1191 795
628 874
984 1336
1747 1815
43 861
1614 1678
872 1597
432 877
1488 472
910 112
758 55
90 1117
1476 1445
1740 375
1993 174
454 196
945 32
542 143
1336 510
1507 579
882 275
831 964
1183 1308
1701 1735
863 1682
358 1959
1227 119
658 1189
1041 892
357 1832
594 1754
1321 74
886 1222
399 942
937 1265
1214 54
556 1121
1234 649
449 1527
1089 637
345 1669
573 1228
1933 1092
858 888
1825 117
347 1295
1762 359
643 1221
453 931
666 1303
1260 549
770 1341
1603 1035
451 809
538 1115
1700 1930
1435 532
250 84
1278 1350
1394 204
1994 624
965 1390
896 1809
946 516
90 330
724 1351
1087 1915
103 1455
1122 1067
1556 910
1560 136
1813 1395
876 859
187 984
1118 1394
49 479
1828 254
1429 809
1226 1772
237 1435
1528 1451
1256 185
589 1150
330 91
1032 1263
142 1048
920 434
1771 1994
1279 131
936 1149
189 1243
584 861
480 1474
12 703
455 1911
1736 1252
204 1239
1256 1655
1591 898
938 372
95 300
848 1917
1435 1201
489 1934
816 1512
475 82
1561 1269
968 1164
454 1143
1303 618
721 244
1881 395
363 1922
1646 641
1358 63
1392 945
692 503
289 976
80 1538
219 1989
1285 1155
231 547
1570 959
305 469
733 33
1433 428
1282 236
876 241
783 411
1684 1181
1380 1453
716 1024
1054 1927
1954 94
484 1596
266 762
807 510
706 830
1328 1896
286 1264
1859 311
1249 1730
423 998
606 102
1233 168
1317 1644
1823 1192
1578 1374
1689 86
761 1082
696 357
749 255
141 1308
1267 459
183 1945
874 1452
1101 519
1544 358
1134 1260
369 1718
439 155
863 659
465 875
1649 441
1757 54
335 938
837 84
943 1762
276 515
1711 911
170 1370
1946 197
740 1622
669 1794
673 174
1079 1708
918 1206
1111 1993
1423 594
1067 1335
132 1307
1355 1784
243 422
685 1822
930 112
874 1609
517 1701
1096 413
1590 1470
1856 1906
1935 110
1929 701
1780 834
204 320
195 1424
797 1792
1330 1133
1012 362
919 216
700 1727
1975 1249
253 1290
1444 297
142 1836
1355 459
473 577
1422 1380
1034 1830
1856 1549
1809 1748
838 365
1260 368
801 1267
1191 1902
1734 1097
1454 1476
1603 31
897 569
1583 1736
660 1241
1979 1665
1 1219
909 1968
1696 219
1628 781
399 988
1337 979
1837 676
760 1071
938 319
1811 1303
696 714
673 1610
548 1234
1354 1026
1984 1007
1087 1401
1302 1711
1257 977
460 1087
187 1182
628 761
144 1776
1763 1094
1701 646
1772 1739
1971 1119
835 1526
886 504
92 1816
580 1975
1115 1995
1617 1606
506 822
1320 1800
1458 922
376 556
349 741
579 81
422 433
1967 1338
1540 705
51 1463
1739 828
1220 1673
1919 1856
316 994
510 729
222 108
368 1722
1010 1407
1442 873
446 204
1360 1245
1614 911
121 388
557 274
929 1965
1747 557
1272 187
1111 268
1229 95
1260 918
1938 698
51 280
338 435
1926 1251
1349 1927
586 1951
1346 673
82 445
1678 1292
1419 382
767 929
1831 729
1554 1370
1999 1919
184 168
748 1795
544 843
1941 63
650 78
405 421
824 92
182 557
1425 940
437 132
618 823
1531 651
1441 152
990 416
1120 827
510 1883
755 1076
1940 597
1503 1485
745 1807
1161 248
1886 580
59 1115
867 1574
48 88
627 1171
803 1063
1490 1312
989 671
646 441
1575 1320
112 1364
1500 1162
352 744
595 405
1485 786
1383 954
543 916
641 1945
1664 696
1957 181
1840 1369
1796 1003
954 634
327 1376
1347 1466
276 1159
1340 43
826 788
791 923
1142 1907
1862 826
459 1926
573 1240
1972 1492
90 518
947 506
59 1917
1540 1116
1144 1801
1133 600
384 1641
224 433
565 1129
1669 569
1298 744
1438 1366
1105 1988
788 932
1911 1724
295 553
1895 444
1461 763
908 929
1917 778
712 407
1241 726
643 1404
186 1015
1202 354
62 424
1332 1152
562 1283
1549 670
1984 1352
185 1542
488 666
873 1877
539 428
472 383
160 1002
209 1373
1854 1261
1896 661
1057 405
1918 1000
608 1566
1343 1020
1086 160
963 1969
436 1890
215 920
160 351
762 199
1434 517
521 1545
126 214
1478 1292
1559 956
1907 305
582 1307
1096 1929
1325 1812
1798 12
250 1189
964 1609
820 691
343 743
133 427
1454 137
1994 1276
265 1411
1955 341
657 819
1313 191
748 390
948 1696
455 1887
224 526
766 411
1280 1928
1748 1298
134 1246
478 944
102 946
1623 785
71 1283
402 857
1893 1313
1098 461
512 840
225 1616
145 1947
1032 818
1242 1729
1685 790
1533 1753
786 1241
298 374
308 1001
1708 1220
1091 282
559 213
1383 452
839 1361
183 1049
1440 1731
1343 59
1073 1212
1928 220
376 181
1369 1654
1510 508
1451 334
1724 995
1422 523
231 1320
1745 687
251 1939
55 1641
1843 234
421 1257
1692 1181
1874 316
1258 842
433 1293
483 363
1283 865
1018 53
935 400
380 952
33 300
1015 143
1195 1171
750 1676
1198 86
966 1207
1111 956
647 352
1508 1943
1334 980
887 382
1006 1951
1995 1879
1322 152
1873 1885
313 1304
100
